   6.8125779e-01   1.1421428e+00   1.7066919e+00   3.1600818e+00   4.1438623e+00   4.5529110e+00   5.4070324e+00   5.8282176e+00
   6.9557045e-01   1.0112452e+00   1.5842678e+00   3.1949114e+00   4.0513868e+00   4.6295118e+00   5.3410082e+00   5.8191508e+00
   6.0125525e-01   1.1916096e+00   1.6852353e+00   3.1238468e+00   4.1802466e+00   4.3994562e+00   5.3083467e+00   5.6364573e+00
   7.5374163e-01   1.0356978e+00   1.7228806e+00   3.0407075e+00   4.0322378e+00   4.5101280e+00   5.2672490e+00   5.6515891e+00
   5.9478712e-01   1.0272302e+00   1.7367294e+00   3.0204091e+00   4.1664175e+00   4.5045900e+00   5.6426920e+00   5.9117010e+00
   8.5509723e-01   1.3439892e+00   1.7642801e+00   3.1568266e+00   4.0964905e+00   4.5118113e+00   5.3427388e+00   5.8690565e+00
   7.4812557e-01   1.2509966e+00   1.5695389e+00   3.1157628e+00   3.9047142e+00   4.5007778e+00   5.5947908e+00   6.1219193e+00
   8.4445037e-01   1.2265582e+00   1.7340254e+00   3.1094686e+00   4.1203083e+00   4.6378095e+00   5.4725027e+00   6.0221697e+00
   7.1170750e-01   1.1048577e+00   1.7534488e+00   3.1490554e+00   4.1449629e+00   4.3656136e+00   5.5321341e+00   6.1172577e+00
   8.6768645e-01   1.1831120e+00   1.6843763e+00   3.1490920e+00   4.1378785e+00   4.3043674e+00   5.5063478e+00   5.8857105e+00
   8.4257097e-01   1.1896618e+00   1.6180605e+00   3.1267991e+00   3.8987212e+00   4.6514571e+00   5.3869406e+00   5.9367475e+00
