   9.3034533e-01   1.1111476e+00   1.8895447e+00   3.1670316e+00   4.1234205e+00   4.7274707e+00   5.5036481e+00   5.8273487e+00
   7.7613247e-01   1.0350980e+00   1.8360268e+00   3.1908259e+00   4.0139222e+00   4.7623037e+00   5.4481937e+00   5.7401134e+00
   8.5443215e-01   1.1826085e+00   1.7024821e+00   3.2096029e+00   3.9433568e+00   4.7516438e+00   5.4201765e+00   5.6697332e+00
   5.8160058e-01   1.2292705e+00   1.7257093e+00   3.1699369e+00   4.1981456e+00   4.6552387e+00   5.4785627e+00   5.7551396e+00
   7.3946698e-01   1.2289997e+00   1.6433405e+00   3.1653122e+00   4.0165660e+00   4.7795599e+00   5.4861194e+00   5.7309673e+00
   7.1972254e-01   1.1551367e+00   1.5673412e+00   3.1333737e+00   4.2073794e+00   4.5621794e+00   5.2641571e+00   5.7796335e+00
   7.3413451e-01   1.1910236e+00   1.7191345e+00   3.1337241e+00   4.1534686e+00   4.8090101e+00   5.4701699e+00   5.8507929e+00
   7.0327861e-01   1.0842813e+00   1.7441965e+00   3.1974135e+00   4.0429666e+00   4.5550428e+00   5.2985226e+00   5.7453909e+00
   6.4569613e-01   1.0156180e+00   1.6853978e+00   3.1900477e+00   3.9419564e+00   4.6710729e+00   5.4369505e+00   5.6826562e+00
   6.4396061e-01   1.1794441e+00   1.6480797e+00   3.2176923e+00   4.1326838e+00   4.6598552e+00   5.3513706e+00   5.6709089e+00
   6.4110599e-01   1.1740984e+00   1.7907946e+00   3.2167648e+00   4.2952241e+00   4.7946255e+00   5.3846707e+00   5.7974252e+00
