   6.3165658e-01   1.0904737e+00   1.5779082e+00   3.2342723e+00   4.2433402e+00   4.7423931e+00   5.5321440e+00   5.9222001e+00
   6.9095152e-01   1.1414881e+00   1.6705514e+00   3.2544592e+00   4.2543900e+00   4.7625175e+00   5.5027827e+00   5.9100330e+00
   7.0585304e-01   1.0402404e+00   1.7956316e+00   3.2314138e+00   4.1208161e+00   4.7423850e+00   5.4258922e+00   5.7859655e+00
   7.7803516e-01   9.6540248e-01   1.6948593e+00   3.2609948e+00   4.1985177e+00   4.6969220e+00   5.3350989e+00   5.8528632e+00
   6.8266859e-01   1.1068823e+00   1.6697755e+00   3.2461593e+00   4.1565895e+00   4.6665453e+00   5.5385203e+00   5.8961263e+00
   6.6018844e-01   9.8199362e-01   1.4518108e+00   3.2289316e+00   4.1250013e+00   4.5750725e+00   5.2505021e+00   5.9569193e+00
   6.0901112e-01   1.0606914e+00   1.4587720e+00   3.2178598e+00   4.1917446e+00   4.8312730e+00   5.4209297e+00   5.7831871e+00
   5.8212604e-01   9.7906192e-01   1.5734745e+00   3.2440145e+00   4.2205187e+00   4.3864874e+00   5.4688949e+00   5.8326207e+00
   6.7926921e-01   1.0705241e+00   1.6411472e+00   3.2325865e+00   4.1904597e+00   4.6778591e+00   5.4570303e+00   5.8958110e+00
   6.2956583e-01   9.6005668e-01   1.4972722e+00   3.2764585e+00   4.1438328e+00   4.6976138e+00   5.3416469e+00   5.9777002e+00
   6.7612812e-01   1.0486390e+00   1.5059010e+00   3.2358735e+00   4.0877559e+00   4.5317364e+00   5.4844923e+00   5.7950627e+00
