   3.5897436e+01   2.9126214e+01   4.0000000e+01   2.4691358e+00   1.0000000e-12   1.6666667e+01   2.6666667e+01   4.8484848e+01
   3.2183908e+01   2.1333333e+01   3.0588235e+01   2.4691358e+01   6.0606061e+00   1.1594203e+01   2.5242718e+01   3.0107527e+01
   1.5384615e+01   5.3164557e+01   3.4146341e+01   1.2195122e+01   1.2903226e+01   2.2471910e+00   2.0408163e+01   1.8181818e+01
   2.9333333e+01   4.6666667e+01   3.9534884e+01   2.1951220e+01   2.1276596e+00   9.5238095e+00   2.1568627e+01   2.2222222e+01
   2.9411765e+01   3.6893204e+01   3.8888889e+01   2.3529412e+01   4.4943820e+00   3.9215686e+00   1.1538462e+01   2.5531915e+01
   5.9183673e+01   4.2105263e+01   5.6818182e+01   3.5294118e+01   8.5106383e+00   2.1052632e+01   2.6966292e+01   3.6036036e+01
   4.3181818e+01   5.3608247e+01   5.5263158e+01   2.4528302e+01   2.2727273e+01   1.7073171e+01   3.1858407e+01   4.5098039e+01
   3.5955056e+01   5.1111111e+01   5.0000000e+01   3.8202247e+01   1.7977528e+01   2.6666667e+01   2.6000000e+01   4.5161290e+01
   3.2500000e+01   5.0000000e+01   4.5714286e+01   2.9268293e+01   9.3457944e+00   8.4210526e+00   3.2000000e+01   2.8985507e+01
   3.8805970e+01   3.6521739e+01   4.0000000e+01   2.5316456e+01   1.4814815e+01   1.4285714e+01   1.9047619e+01   2.6530612e+01
   3.5164835e+01   4.9350649e+01   4.7422680e+01   1.5730337e+01   1.4285714e+01   9.4339623e+00   2.9166667e+01   3.5643564e+01
