   2.4096386e+00   1.9801980e+00   4.3478261e+00   4.3010753e+00   6.5217391e+00   8.6021505e+00   2.1052632e+01   2.6000000e+01
   8.4033613e+00   5.6074766e+00   4.0816327e+00   8.3333333e+00   1.0638298e+01   1.3333333e+01   2.0689655e+01   2.4242424e+01
   1.0000000e-12   1.9047619e+00   4.2553191e+00   7.3170732e+00   1.0000000e+01   1.6279070e+01   2.1153846e+01   1.8181818e+01
   3.8461538e+00   2.2222222e+00   2.2727273e+00   4.7058824e+00   2.0000000e+01   2.1428571e+01   2.8282828e+01   2.3300971e+01
   4.0404040e+00   2.1276596e+00   1.0000000e-12   4.2105263e+00   2.1176471e+01   3.4146341e+01   2.4761905e+01   1.6842105e+01
   1.1764706e+01   1.6000000e+01   1.2345679e+01   6.9767442e+00   2.9885057e+01   1.9047619e+01   2.1052632e+01   2.8571429e+01
   4.7058824e+00   7.3170732e+00   2.4096386e+00   4.4444444e+00   1.8750000e+01   2.0000000e+01   1.6000000e+01   4.0404040e+00
   1.0000000e-12   2.6666667e+00   4.7619048e+00   2.3809524e+00   1.6666667e+01   1.5384615e+01   1.6494845e+01   1.0000000e+01
   6.9565217e+00   1.1494253e+01   6.1224490e+00   1.1881188e+01   1.2173913e+01   2.7160494e+01   7.2072072e+00   2.1276596e+01
   1.1111111e+01   9.6385542e+00   7.0588235e+00   4.8780488e+00   2.1978022e+01   1.6666667e+01   1.8000000e+01   1.3333333e+01
   4.5454545e+00   1.0000000e-12   4.3010753e+00   2.5641026e+00   8.0808081e+00   2.3655914e+01   2.2000000e+01   1.6822430e+01
