   7.0289742e-01   1.2209626e+00   1.6288180e+00   3.2129781e+00   4.1157008e+00   4.4703129e+00   5.5302280e+00   5.8994579e+00
   7.9879096e-01   1.1636990e+00   1.6615594e+00   3.2068112e+00   4.3044913e+00   4.5380824e+00   5.4931748e+00   5.9616531e+00
   6.9854504e-01   1.3172139e+00   1.6601648e+00   3.2218800e+00   4.0438718e+00   4.6790074e+00   5.5088017e+00   5.8023081e+00
   7.5925004e-01   1.0628910e+00   1.6900815e+00   3.2029560e+00   4.1473303e+00   4.5676383e+00   5.5598676e+00   5.9174965e+00
   7.3701145e-01   1.2120730e+00   1.6789818e+00   3.2100932e+00   4.0272902e+00   4.6657518e+00   5.4594198e+00   5.8085082e+00
   8.5696549e-01   1.1590447e+00   1.5831285e+00   3.1945031e+00   4.1411086e+00   4.3712033e+00   5.4693138e+00   5.9440657e+00
   7.6082551e-01   1.2377269e+00   1.6285351e+00   3.2138661e+00   4.1741562e+00   4.5768478e+00   5.2590631e+00   5.9048476e+00
   1.0040143e+00   1.0135036e+00   1.8267995e+00   3.2482564e+00   4.1696462e+00   4.7029806e+00   5.5525851e+00   5.9674279e+00
   6.9416023e-01   1.2729816e+00   1.7683850e+00   3.1884373e+00   4.2924774e+00   4.4843550e+00   5.5539650e+00   5.9956565e+00
   7.7749277e-01   1.3771522e+00   1.8601914e+00   3.2276203e+00   4.2078795e+00   4.6633032e+00   5.4434791e+00   6.0028949e+00
   8.0322314e-01   1.1164011e+00   1.7386965e+00   3.1865101e+00   4.2592030e+00   4.7232097e+00   5.5629360e+00   6.0763464e+00
