   7.6540287e-01   1.2516249e+00   1.6912427e+00   3.1694871e+00   3.9738490e+00   4.5791830e+00   5.4400910e+00   5.7396710e+00
   5.6887232e-01   1.2941124e+00   1.5646410e+00   3.1541157e+00   4.0032126e+00   4.5990571e+00   5.2975696e+00   5.7688303e+00
   8.0904348e-01   1.2473353e+00   1.5628196e+00   3.2242226e+00   4.1858654e+00   4.5840876e+00   5.5385056e+00   5.5813045e+00
   8.3346592e-01   1.2564222e+00   1.4782728e+00   3.2912492e+00   4.1794479e+00   4.7570279e+00   5.4749474e+00   5.6619977e+00
   7.8740290e-01   1.1186195e+00   1.5117384e+00   3.2033973e+00   4.2111582e+00   4.5604439e+00   5.5147023e+00   5.7465345e+00
   7.2211528e-01   1.0820333e+00   1.3624524e+00   3.1504937e+00   3.9420578e+00   4.2595865e+00   5.8981053e+00   6.0242401e+00
   6.6190319e-01   1.0946429e+00   1.4933601e+00   3.2080754e+00   3.8758874e+00   4.5714496e+00   5.6200636e+00   5.8641063e+00
   7.7955829e-01   1.1473457e+00   1.5793132e+00   3.2086798e+00   4.2370569e+00   4.5725069e+00   5.3546964e+00   5.7496433e+00
   8.3733357e-01   1.2888884e+00   1.6655614e+00   3.1095591e+00   4.1827567e+00   4.5588020e+00   5.7387203e+00   5.9760720e+00
   6.5141621e-01   1.1578083e+00   1.3583853e+00   3.0647576e+00   3.9198756e+00   4.5455716e+00   5.6225818e+00   5.8914649e+00
   6.3735682e-01   1.0632011e+00   1.6655603e+00   3.1752622e+00   4.0153499e+00   4.8028943e+00   5.5947365e+00   5.9425511e+00
