   4.1739130e+01   3.4782609e+01   3.8554217e+01   1.0000000e-12   4.7619048e+00   9.6385542e+00   8.6021505e+00   1.4736842e+01
   3.5555556e+01   4.8192771e+01   4.7500000e+01   2.6506024e+01   1.9047619e+01   2.8985507e+00   1.6666667e+01   1.2000000e+01
   4.2222222e+01   4.1379310e+01   3.5955056e+01   2.3076923e+01   8.6956522e+00   9.7560976e+00   8.4210526e+00   1.4583333e+01
   4.2222222e+01   4.6341463e+01   4.0404040e+01   1.5730337e+01   2.7027027e+00   9.8765432e+00   9.1954023e+00   1.4432990e+01
   4.4444444e+01   3.9534884e+01   4.8192771e+01   7.0588235e+00   8.9887640e+00   1.0810811e+01   2.1505376e+00   1.1494253e+01
   3.6697248e+01   2.6506024e+01   3.5714286e+01   5.0632911e+00   1.0000000e-12   2.0833333e+00   9.1954023e+00   6.3829787e+00
   4.0000000e+01   4.5000000e+01   4.0000000e+01   1.0958904e+01   5.8252427e+00   7.4766355e+00   1.0000000e-12   2.2471910e+00
   2.6262626e+01   4.2500000e+01   4.1975309e+01   2.5641026e+00   6.8181818e+00   2.3809524e+00   2.3529412e+00   5.8823529e+00
   2.7027027e+01   3.2911392e+01   2.5688073e+01   2.4691358e+00   4.1237113e+00   5.7142857e+00   1.0000000e-12   4.3956044e+00
   3.8461538e+01   2.9787234e+01   4.0506329e+01   1.5789474e+01   6.7415730e+00   4.0000000e+00   1.5238095e+01   6.1855670e+00
   2.6506024e+01   3.2967033e+01   3.6585366e+01   1.7582418e+01   1.0000000e-12   4.0816327e+00   1.0000000e-12   3.9215686e+00
