   2.2784810e+01   3.3846154e+01   1.4814815e+01   2.5882353e+01   5.8181818e+01   4.2222222e+01   2.7906977e+01   2.4096386e+01
   2.7118644e+01   2.8000000e+01   1.9512195e+01   1.7721519e+01   4.8192771e+01   4.4262295e+01   4.3750000e+01   2.6666667e+01
   2.2580645e+01   1.6161616e+01   1.3953488e+01   2.9268293e+01   5.7575758e+01   4.5238095e+01   4.1758242e+01   2.6506024e+01
   2.0000000e+01   1.4545455e+01   1.2048193e+01   3.2558140e+01   4.9382716e+01   4.1463415e+01   3.4567901e+01   1.9277108e+01
   2.0833333e+01   2.3529412e+01   1.0389610e+01   3.0588235e+01   5.4054054e+01   6.0000000e+01   2.5882353e+01   1.9512195e+01
   2.7586207e+01   3.2000000e+01   1.2345679e+01   1.7582418e+01   5.6250000e+01   4.4186047e+01   2.5531915e+01   2.9213483e+01
   3.4615385e+01   1.5384615e+01   1.3698630e+01   1.8181818e+01   5.0000000e+01   5.8064516e+01   3.2520325e+01   3.1325301e+01
   3.5897436e+01   1.7777778e+01   2.2429907e+01   7.0588235e+00   4.2857143e+01   5.7534247e+01   3.4693878e+01   1.7391304e+01
   9.4339623e+00   1.7073171e+01   8.1632653e+00   1.3333333e+01   4.9411765e+01   4.5569620e+01   2.7956989e+01   1.8181818e+01
   9.7087379e+00   1.4925373e+01   8.4210526e+00   7.8947368e+00   6.2295082e+01   4.8837209e+01   2.1505376e+01   2.9411765e+01
   3.0303030e+01   1.7021277e+01   1.7821782e+01   2.0000000e+01   3.7037037e+01   6.0759494e+01   1.8181818e+01   3.6559140e+01
