   8.8490920e-01   1.1491335e+00   1.7479240e+00   3.1853794e+00   3.9343381e+00   4.6976578e+00   5.3444573e+00   6.0044095e+00
   7.9600449e-01   1.1837475e+00   1.8846358e+00   3.1288165e+00   4.2971789e+00   4.6511373e+00   5.5638172e+00   5.8334259e+00
   7.1367152e-01   1.2918816e+00   1.6810123e+00   3.1994308e+00   4.1875731e+00   4.6265325e+00   5.5070396e+00   5.8253843e+00
   9.9380480e-01   1.3931860e+00   1.9141283e+00   3.1562173e+00   4.1492233e+00   4.8255396e+00   5.5942625e+00   5.8911150e+00
   8.4543345e-01   1.3568298e+00   1.7588213e+00   3.1509479e+00   4.2603000e+00   4.6591144e+00   5.7818775e+00   6.0773578e+00
   9.3848021e-01   1.3210151e+00   1.8577458e+00   3.1472847e+00   4.2608431e+00   4.7310014e+00   5.3051327e+00   5.9234855e+00
   7.9152893e-01   1.1467968e+00   1.9717760e+00   3.0169285e+00   4.0391170e+00   4.8983701e+00   5.6165739e+00   5.8506192e+00
   8.3407337e-01   9.7599908e-01   1.6689027e+00   3.0923234e+00   4.0902611e+00   4.9268117e+00   5.6913035e+00   5.7724631e+00
   8.1626645e-01   1.2605526e+00   1.4626218e+00   3.1799097e+00   4.2434870e+00   4.6190043e+00   5.5173699e+00   5.9699908e+00
   8.1864705e-01   1.1406328e+00   1.8027354e+00   3.1606707e+00   4.2340035e+00   4.6127812e+00   5.7377604e+00   6.0372321e+00
   8.3728287e-01   1.3266578e+00   1.7343407e+00   3.1386163e+00   4.1135356e+00   4.7244381e+00   5.2779918e+00   6.0646968e+00
   0.0000000e+00   1.2027510e+00   0.0000000e+00   0.0000000e+00   0.0000000e+00   0.0000000e+00   0.0000000e+00   0.0000000e+00
