   6.9505264e-01   1.0771852e+00   1.4313900e+00   3.2255232e+00   4.1333415e+00   4.4745064e+00   5.5828205e+00   5.9558766e+00
   7.0234385e-01   1.1116620e+00   1.5354336e+00   3.2084058e+00   4.2726877e+00   4.7416384e+00   5.7481616e+00   5.7855108e+00
   8.5886219e-01   1.0484119e+00   1.5002197e+00   3.2369683e+00   4.2925310e+00   4.6834128e+00   5.4078573e+00   5.9978035e+00
   8.1763682e-01   1.0707189e+00   1.4679759e+00   3.2167973e+00   4.2012897e+00   4.5432022e+00   5.5085080e+00   5.9442716e+00
   7.6777721e-01   1.0849733e+00   1.6583371e+00   3.1924459e+00   4.1356736e+00   4.7756006e+00   5.7213039e+00   6.0873568e+00
   8.1022290e-01   9.5995232e-01   1.7076540e+00   3.1796033e+00   4.2873829e+00   4.7028553e+00   5.7939604e+00   6.1179467e+00
   7.5270210e-01   1.1832853e+00   1.8041555e+00   3.2527834e+00   4.1418717e+00   4.5007594e+00   5.4552405e+00   5.9729602e+00
   6.4988296e-01   1.0939410e+00   1.7516888e+00   3.2284655e+00   4.2429422e+00   4.9586861e+00   5.5297392e+00   6.2323775e+00
   8.0958377e-01   1.0442656e+00   1.6565542e+00   3.2725879e+00   4.1759357e+00   4.6451907e+00   5.4861500e+00   6.0135635e+00
   7.2396598e-01   9.7036216e-01   1.7276280e+00   3.1928775e+00   4.1825695e+00   4.7836784e+00   5.5703242e+00   5.9125957e+00
   7.0056588e-01   1.3531262e+00   1.5822995e+00   3.2008788e+00   4.1046734e+00   4.7456531e+00   5.7426036e+00   6.0608767e+00
