   1.2903226e+01   2.6470588e+01   1.5384615e+01   1.0000000e-12   1.0344828e+01   9.8765432e+00   7.4074074e+00   8.6021505e+00
   3.2876712e+01   1.3043478e+01   8.9887640e+00   5.2631579e+00   8.6956522e+00   2.0833333e+00   2.3809524e+00   6.2500000e+00
   1.2345679e+01   2.6829268e+01   2.5000000e+01   1.0000000e-12   2.2222222e+00   2.3809524e+00   1.0000000e-12   4.5454545e+00
   2.3404255e+01   1.0810811e+01   1.3333333e+01   8.3333333e+00   9.0909091e+00   1.0000000e-12   2.2727273e+00   2.1276596e+00
   7.6923077e+00   9.5238095e+00   1.2820513e+01   2.6666667e+00   1.0000000e-12   2.3255814e+00   2.5000000e+00   4.7058824e+00
   9.1954023e+00   1.2658228e+01   2.0202020e+01   1.0000000e-12   6.2500000e+00   4.1237113e+00   4.7619048e+00   1.0000000e-12
   1.8181818e+01   8.1081081e+00   1.5909091e+01   6.5934066e+00   1.0000000e-12   1.0000000e-12   1.0000000e-12   1.0000000e-12
   1.6901408e+01   1.5584416e+01   1.3953488e+01   1.0000000e-12   5.2631579e+00   3.8383838e+01   2.0833333e+00   1.0000000e-12
   1.5384615e+01   1.8421053e+01   1.0000000e+01   4.7619048e+00   2.6315789e+00   5.1948052e+00   4.5454545e+00   9.5238095e+00
   2.0512821e+01   2.3684211e+01   1.4285714e+01   2.1739130e+00   1.1111111e+01   1.0000000e-12   5.1282051e+00   1.0000000e-12
   2.1621622e+01   1.8823529e+01   1.7948718e+01   7.8947368e+00   3.3898305e+00   2.2727273e+00   1.0000000e-12   6.9767442e+00
