   9.1901266e-01   9.1803301e-01   1.6688576e+00   3.2051852e+00   3.9731277e+00   4.5798378e+00   5.5816495e+00   5.7363749e+00
   7.8468260e-01   8.8395998e-01   1.5252978e+00   3.1666939e+00   4.0151437e+00   4.3154542e+00   5.1056065e+00   5.9376419e+00
   7.1557472e-01   9.7035606e-01   1.6902632e+00   3.2735807e+00   4.1177869e+00   4.3604810e+00   5.4364079e+00   5.6261178e+00
   7.7355131e-01   9.8292816e-01   1.8894746e+00   3.2258502e+00   3.8686075e+00   4.5784875e+00   5.1589919e+00   5.7981232e+00
   8.7813894e-01   1.0562934e+00   1.8711054e+00   3.3736831e+00   4.1408463e+00   4.5664967e+00   5.5113383e+00   5.4868522e+00
   7.8544378e-01   9.1848829e-01   1.5325538e+00   3.4115862e+00   4.1718209e+00   4.3665668e+00   5.3549592e+00   5.6746554e+00
   9.3299388e-01   1.0354833e+00   1.8468825e+00   3.5048501e+00   4.1532707e+00   4.1366506e+00   5.3657840e+00   5.7907359e+00
   9.0286180e-01   1.1181010e+00   1.4868936e+00   3.4557658e+00   4.0289665e+00   4.4316888e+00   5.5822904e+00   5.6783274e+00
   9.0430181e-01   9.8907372e-01   1.5025449e+00   3.3250024e+00   3.9591841e+00   4.2256802e+00   5.2050179e+00   5.6547672e+00
   7.4321311e-01   1.2646146e+00   1.1544710e+00   3.1950139e+00   3.8765808e+00   4.4008102e+00   5.4996078e+00   6.0041760e+00
   9.3138136e-01   1.0858985e+00   1.3840349e+00   3.1392785e+00   3.9162057e+00   4.1334762e+00   5.3850885e+00   5.9938538e+00
   8.9529063e-01   1.1038909e+00   1.3367003e+00   3.2241067e+00   4.2681178e+00   4.4101272e+00   5.3930242e+00   6.1538460e+00
   7.8515680e-01   1.0397788e+00   1.7989323e+00   0.0000000e+00   4.0557569e+00   0.0000000e+00   0.0000000e+00   0.0000000e+00
