   5.7480351e-01   1.2398394e+00   1.5316070e+00   3.2223159e+00   4.0398474e+00   4.4327532e+00   5.5544277e+00   5.9547666e+00
   6.0855134e-01   1.0911086e+00   1.6681901e+00   3.2197055e+00   4.2201452e+00   4.7348989e+00   5.4319958e+00   5.6657685e+00
   8.5595259e-01   1.1146356e+00   1.6987695e+00   3.2152909e+00   4.0292828e+00   4.5090948e+00   5.4101954e+00   5.9520914e+00
   7.6524078e-01   1.1862754e+00   1.7156969e+00   3.2549124e+00   4.2751742e+00   4.7674737e+00   5.5491079e+00   5.8008974e+00
   7.3074351e-01   1.4037448e+00   1.6815326e+00   3.2263886e+00   4.1333770e+00   4.6390692e+00   5.4203590e+00   5.8930914e+00
   7.8865375e-01   1.1466083e+00   1.8659330e+00   3.1019514e+00   4.1470788e+00   4.7802451e+00   5.4035194e+00   5.7867157e+00
   7.9899269e-01   1.2021261e+00   1.9050204e+00   3.1071514e+00   3.9663129e+00   4.7281635e+00   5.2612451e+00   5.7153520e+00
   8.9690156e-01   1.0479072e+00   1.7337623e+00   3.1943678e+00   4.2069809e+00   4.9653457e+00   5.3643254e+00   6.0182120e+00
   9.0284572e-01   1.1657510e+00   1.7499843e+00   3.1981116e+00   3.8593678e+00   4.7657669e+00   5.4874282e+00   5.7596686e+00
   7.7747963e-01   1.2111642e+00   1.6794678e+00   3.1858819e+00   3.8776919e+00   4.8069291e+00   5.5320265e+00   6.0027995e+00
   5.9540409e-01   1.1569136e+00   1.7245813e+00   3.2000783e+00   4.2787051e+00   4.8771201e+00   5.4096953e+00   5.8571914e+00
