   8.7151511e-01   1.2253847e+00   1.6529844e+00   3.2293148e+00   4.3866209e+00   4.6911641e+00   5.6252401e+00   5.9164060e+00
   9.5897903e-01   1.3360246e+00   1.8052742e+00   3.2047298e+00   4.3017260e+00   4.6554485e+00   5.5700321e+00   5.7973940e+00
   7.5719594e-01   1.2392674e+00   1.8183150e+00   3.1463443e+00   4.3926526e+00   4.6966696e+00   5.4148434e+00   5.8020086e+00
   8.0924434e-01   1.3628622e+00   1.8111683e+00   3.1943701e+00   4.1860449e+00   4.9156269e+00   5.7572251e+00   5.9991305e+00
   7.5218187e-01   1.2293759e+00   1.8914293e+00   3.1839566e+00   4.2736015e+00   4.6730981e+00   5.5366659e+00   5.9513228e+00
   9.4103769e-01   1.2196865e+00   1.5925166e+00   3.1003045e+00   4.2538774e+00   4.4271479e+00   5.4175715e+00   5.9117006e+00
   8.3622386e-01   1.1437559e+00   1.4742119e+00   3.1727513e+00   4.1868126e+00   4.6249166e+00   5.5790164e+00   5.8516417e+00
   8.9704976e-01   1.2467316e+00   1.6663175e+00   3.1688751e+00   4.1499894e+00   4.7720688e+00   5.4249749e+00   5.9896164e+00
   8.0853806e-01   1.0557916e+00   1.6220852e+00   3.2192967e+00   4.0674543e+00   4.7692890e+00   5.5783762e+00   5.7033066e+00
   8.6546308e-01   1.1752345e+00   1.6385035e+00   3.0894709e+00   4.0308012e+00   4.6556179e+00   5.4780881e+00   5.7234398e+00
   8.6947320e-01   1.2324932e+00   1.9108363e+00   3.1621029e+00   4.3774525e+00   4.6991158e+00   5.4149617e+00   5.9707199e+00
