   6.2899299e-01   9.8837480e-01   1.7021270e+00   2.9466491e+00   4.3761595e+00   4.3795716e+00   5.4326656e+00   5.6076240e+00
   8.1691694e-01   1.0930039e+00   1.6332947e+00   3.1917084e+00   4.1666655e+00   4.6723715e+00   5.3119939e+00   5.8176299e+00
   7.8717813e-01   1.1514932e+00   1.6335477e+00   3.1712090e+00   4.1610478e+00   4.5492555e+00   5.3314060e+00   5.9905902e+00
   8.8765369e-01   1.0696555e+00   1.6843706e+00   3.1700619e+00   4.0800098e+00   4.5415259e+00   5.4140740e+00   5.9304609e+00
   9.8374182e-01   1.2081929e+00   1.6586856e+00   3.0319375e+00   4.0613361e+00   4.3169860e+00   5.4690141e+00   5.6786842e+00
   7.4456188e-01   1.4057542e+00   1.3741456e+00   2.9824637e+00   4.3332729e+00   4.2825782e+00   5.3450198e+00   5.7459226e+00
   7.4472177e-01   1.1402463e+00   2.0185868e+00   3.0603899e+00   4.0835958e+00   4.5919200e+00   5.3250324e+00   5.8254391e+00
   7.6615904e-01   1.0912681e+00   1.6972993e+00   3.0915918e+00   4.0657391e+00   4.5173785e+00   5.4481086e+00   5.6620063e+00
   8.2800403e-01   1.2302543e+00   1.6099665e+00   3.3271610e+00   4.0779506e+00   4.6123728e+00   5.4642437e+00   5.8627177e+00
   9.1200346e-01   1.1892504e+00   1.4787913e+00   2.9203668e+00   4.0353953e+00   4.4927701e+00   5.1669219e+00   5.7865995e+00
   9.0410585e-01   1.0931151e+00   1.7426244e+00   3.0897577e+00   4.2205310e+00   4.4904094e+00   5.3200664e+00   5.8647330e+00
