   6.9348663e-01   1.1406995e+00   1.5287765e+00   3.2290088e+00   4.1229799e+00   4.5162842e+00   5.6138039e+00   6.0115128e+00
   6.6180988e-01   1.0448900e+00   1.6296848e+00   3.2279867e+00   4.2524606e+00   4.5716426e+00   5.5388644e+00   6.0618730e+00
   7.4957663e-01   1.0851876e+00   1.6709219e+00   3.2174060e+00   4.3244698e+00   4.6316002e+00   5.4736580e+00   5.8707624e+00
   6.9485481e-01   1.1453955e+00   1.8246240e+00   3.2381939e+00   4.1370214e+00   4.7285377e+00   5.5033790e+00   5.9304699e+00
   7.6649686e-01   1.1728999e+00   1.7332933e+00   3.2641004e+00   4.2153423e+00   4.6734736e+00   5.6204722e+00   5.8783184e+00
   6.8910541e-01   1.1197419e+00   1.4229421e+00   3.2126912e+00   4.1531012e+00   4.4262103e+00   5.4124142e+00   5.8892544e+00
   6.9632482e-01   1.0255732e+00   1.4879887e+00   3.1799385e+00   4.2021041e+00   4.8745979e+00   5.4612395e+00   5.9703592e+00
   6.5796821e-01   1.0336315e+00   1.5708965e+00   3.2180445e+00   4.1878135e+00   4.4560375e+00   5.4650347e+00   5.7077251e+00
   7.1253395e-01   1.0671056e+00   1.5853343e+00   3.2150587e+00   4.2606740e+00   4.7926211e+00   5.3820699e+00   5.8056047e+00
   7.0615615e-01   1.1468258e+00   1.5101296e+00   3.2379982e+00   4.3853568e+00   4.4737431e+00   5.5232349e+00   5.7468353e+00
   7.7128940e-01   1.1755563e+00   1.6750459e+00   3.2220321e+00   4.4542761e+00   4.4810039e+00   5.4694053e+00   5.7224458e+00
