   7.2706188e-01   1.3776200e+00   1.8176506e+00   3.1861196e+00   4.5252714e+00   4.8368360e+00   5.5330836e+00   5.7689029e+00
   7.0909919e-01   1.3173523e+00   1.9855511e+00   3.1404266e+00   4.3579839e+00   4.8075764e+00   5.4489154e+00   5.6842693e+00
   7.3450372e-01   1.2965820e+00   1.9806606e+00   3.1440784e+00   4.1808796e+00   4.9025622e+00   5.3613613e+00   5.7654041e+00
   7.5007107e-01   1.3024954e+00   1.8335144e+00   3.1270178e+00   4.2130905e+00   4.7668915e+00   5.5504031e+00   5.8359082e+00
   7.0432301e-01   1.2110628e+00   1.8089663e+00   3.1724875e+00   4.1039119e+00   4.7068638e+00   5.4481815e+00   5.7041587e+00
   6.8212621e-01   1.1304060e+00   1.9183243e+00   3.1162451e+00   4.3842635e+00   4.4771874e+00   5.4555917e+00   5.5945689e+00
   6.6882614e-01   1.1081248e+00   2.0033069e+00   3.1326280e+00   4.2207571e+00   4.4215941e+00   5.2884074e+00   5.6556880e+00
   6.2106416e-01   1.1186678e+00   1.7847893e+00   3.2149520e+00   4.2235641e+00   4.7256429e+00   5.3190186e+00   5.5459610e+00
   6.1874184e-01   1.3123100e+00   1.7594185e+00   3.2194010e+00   4.3090365e+00   4.6562570e+00   5.5058338e+00   5.7216395e+00
   6.0973105e-01   1.1895590e+00   1.6260637e+00   3.1652593e+00   4.3722015e+00   4.7467225e+00   5.3082440e+00   5.5927003e+00
   7.0650877e-01   1.0796979e+00   1.7170950e+00   3.1836953e+00   4.4552128e+00   4.9048909e+00   5.3822493e+00   5.7728204e+00
