   8.1261403e-01   1.2418610e+00   1.8305914e+00   3.1597413e+00   3.9579918e+00   4.4397676e+00   5.3418413e+00   5.7231744e+00
   1.0349708e+00   1.0515812e+00   1.5854166e+00   3.2507250e+00   4.0866265e+00   4.3303370e+00   5.2235360e+00   5.5907575e+00
   7.4448724e-01   1.5316691e+00   1.7845610e+00   3.2165705e+00   4.0346532e+00   4.3507869e+00   5.3856978e+00   5.7060959e+00
   7.4431060e-01   9.4362193e-01   1.8115073e+00   3.2341302e+00   3.8959911e+00   4.4987656e+00   5.4172073e+00   5.8025571e+00
   7.8036383e-01   1.3614510e+00   1.6937036e+00   3.3043469e+00   3.9410708e+00   4.5372256e+00   5.3587163e+00   5.7583536e+00
   8.5903909e-01   1.2221582e+00   1.5785689e+00   3.0535963e+00   4.2430931e+00   4.3252215e+00   5.2230604e+00   5.5192858e+00
   8.0015018e-01   1.0632887e+00   1.4853708e+00   3.2234845e+00   3.9508396e+00   4.3416272e+00   5.4188922e+00   5.5352463e+00
   5.8421225e-01   9.1647689e-01   1.5535594e+00   3.2000899e+00   4.0830171e+00   4.7484312e+00   5.4614664e+00   5.7359291e+00
   5.5934396e-01   1.2227243e+00   1.8654920e+00   2.9792704e+00   3.9710658e+00   4.4090198e+00   5.4176900e+00   5.8615763e+00
   7.8565359e-01   1.0566411e+00   1.5927023e+00   3.3169972e+00   3.9551352e+00   4.4463280e+00   5.3685181e+00   5.6809212e+00
   8.0709073e-01   1.1278284e+00   1.7581849e+00   3.1575845e+00   4.0356458e+00   4.1807619e+00   5.2420353e+00   5.8670707e+00
