   7.9108457e-01   1.2938173e+00   1.8162493e+00   3.1793384e+00   4.2828084e+00   4.9779330e+00   5.6574120e+00   6.1214106e+00
   7.2621245e-01   1.2770128e+00   1.9634796e+00   3.1630759e+00   4.1121445e+00   4.6638951e+00   5.3135287e+00   5.9145304e+00
   8.2860810e-01   1.4149722e+00   1.7677093e+00   3.1726417e+00   4.2761572e+00   4.9767721e+00   5.6813301e+00   6.0963551e+00
   7.6025193e-01   1.1624979e+00   1.8923663e+00   3.1767184e+00   4.2109089e+00   4.8767010e+00   5.7736182e+00   6.0149911e+00
   8.7442564e-01   1.0668775e+00   1.6055387e+00   3.1502853e+00   4.2916434e+00   4.6896588e+00   5.5454534e+00   5.9026185e+00
   6.9678349e-01   1.2184891e+00   1.7806159e+00   3.1690812e+00   4.1251006e+00   4.5326827e+00   5.4735026e+00   6.2329310e+00
   7.0283291e-01   1.0934422e+00   1.7187662e+00   3.1594055e+00   4.3130876e+00   4.4167360e+00   5.7061113e+00   5.8811012e+00
   6.7521885e-01   1.2594621e+00   1.7888483e+00   3.0835963e+00   4.1619013e+00   4.6141351e+00   5.7252756e+00   6.0874911e+00
   6.9497818e-01   1.2173428e+00   1.7933954e+00   3.2147227e+00   4.0954685e+00   4.7019692e+00   5.5771268e+00   5.9143461e+00
   7.1113030e-01   1.2443610e+00   1.7760631e+00   3.1797799e+00   4.1522857e+00   4.6134057e+00   5.6284858e+00   5.9296759e+00
   7.2334206e-01   1.1472126e+00   1.6911280e+00   3.1796932e+00   4.1520216e+00   4.6105821e+00   5.8061489e+00   5.8610400e+00
