   5.1923077e+01   3.4375000e+01   3.0769231e+01   1.5584416e+01   6.7796610e+00   2.5974026e+00   1.5730337e+01   1.0752688e+01
   2.0588235e+01   2.0779221e+01   3.4285714e+01   2.5000000e+01   1.0714286e+01   1.0000000e+01   2.4561404e+01   2.0000000e+01
   2.6470588e+01   3.3898305e+01   3.1578947e+01   1.4634146e+01   6.4516129e+00   1.2500000e+01   2.4000000e+01   1.7582418e+01
   3.6363636e+01   3.2786885e+01   3.1428571e+01   1.7073171e+01   1.2121212e+01   1.9780220e+01   1.8556701e+01   1.0309278e+01
   1.9819820e+01   2.4615385e+01   4.3750000e+01   6.0000000e+00   1.2195122e+01   9.6385542e+00   1.1235955e+01   2.8571429e+01
   1.7021277e+01   2.3636364e+01   3.2352941e+01   1.7073171e+01   1.3333333e+01   3.1707317e+01   2.4761905e+01   2.4761905e+01
   2.2222222e+01   3.6923077e+01   3.2989691e+01   1.1764706e+01   5.6338028e+00   1.3333333e+01   5.0450450e+01   1.3084112e+01
   3.2967033e+01   3.0508475e+01   3.0612245e+01   8.6956522e+00   1.0958904e+01   7.6923077e+00   1.3461538e+01   2.6415094e+01
   3.3734940e+01   3.0769231e+01   3.5135135e+01   2.5352113e+01   1.3483146e+01   1.1363636e+01   6.3157895e+00   2.1568627e+01
   5.2631579e+01   1.0000000e-12   3.3333333e+01   1.6470588e+01   1.4285714e+01   1.7948718e+01   2.1359223e+01   9.8039216e+00
   0.0000000e+00   0.0000000e+00   1.0000000e-12   0.0000000e+00   0.0000000e+00   0.0000000e+00   0.0000000e+00   0.0000000e+00
