   1.3513514e+01   9.0909091e+00   2.5641026e+00   1.2048193e+01   3.6585366e+01   3.2500000e+01   2.2448980e+01   1.1881188e+01
   1.9417476e+01   1.1267606e+01   2.6666667e+00   1.5789474e+01   3.4482759e+01   2.7659574e+01   1.5730337e+01   1.4000000e+01
   6.3157895e+00   1.2121212e+01   5.1948052e+00   1.2121212e+01   3.9506173e+01   3.2608696e+01   2.0454545e+01   1.2500000e+01
   1.4159292e+01   1.5625000e+01   8.0000000e+00   8.6956522e+00   3.2000000e+01   2.8915663e+01   1.9354839e+01   1.7647059e+01
   1.4084507e+01   1.2500000e+01   2.4096386e+00   9.4117647e+00   3.4782609e+01   3.8461538e+01   1.4814815e+01   1.4583333e+01
   2.5396825e+01   1.8750000e+01   1.3513514e+01   2.0952381e+01   4.4155844e+01   3.2558140e+01   3.2967033e+01   2.4390244e+01
   2.1052632e+01   2.2580645e+01   8.1081081e+00   1.4814815e+01   5.0000000e+01   3.9080460e+01   2.9629630e+01   2.5000000e+01
   1.8421053e+01   1.3333333e+01   9.6385542e+00   1.2820513e+01   5.1162791e+01   5.4901961e+01   1.7910448e+01   1.6279070e+01
   1.8181818e+01   1.1267606e+01   2.2429907e+01   1.3953488e+01   5.0000000e+01   4.9411765e+01   2.9213483e+01   2.1686747e+01
   1.6000000e+01   1.4925373e+01   1.1764706e+01   1.4457831e+01   4.3835616e+01   4.1666667e+01   3.0612245e+01   2.2222222e+01
   2.0000000e+01   1.8181818e+01   1.1267606e+01   1.7500000e+01   4.6666667e+01   3.7096774e+01   2.7586207e+01   1.5533981e+01
