   2.2471910e+00   8.0000000e+00   2.1276596e+00   2.2988506e+00   1.0000000e-12   6.8181818e+00   1.3953488e+01   1.0869565e+01
   7.6923077e+00   1.0000000e-12   1.0000000e-12   2.0000000e+00   1.1363636e+01   1.4457831e+01   1.6842105e+01   1.1363636e+01
   2.1276596e+00   1.0000000e-12   1.0000000e-12   1.0000000e-12   1.0000000e-12   1.0000000e-12   2.0454545e+01   8.5106383e+00
   4.5454545e+00   4.4444444e+00   2.1739130e+00   4.1237113e+00   2.5316456e+00   9.4117647e+00   1.3043478e+01   2.5263158e+01
   8.2474227e+00   1.0000000e-12   2.0408163e+00   1.0000000e-12   7.7669903e+00   4.0816327e+00   2.2222222e+01   1.2903226e+01
   6.9767442e+00   1.0000000e-12   4.2553191e+00   1.0000000e-12   8.2474227e+00   2.4324324e+01   2.0512821e+01   1.8823529e+01
   7.6923077e+00   6.0000000e+00   2.2222222e+00   4.7058824e+00   5.7971014e+00   9.1954023e+00   2.1176471e+01   3.1460674e+01
   2.6666667e+00   2.3809524e+00   1.6666667e+01   2.4096386e+00   6.3157895e+00   1.4814815e+01   2.7848101e+01   1.5730337e+01
   2.5316456e+00   1.0000000e-12   1.0000000e-12   2.4096386e+00   1.0869565e+01   1.2195122e+01   2.7368421e+01   4.5652174e+01
   1.2820513e+01   1.0000000e-12   1.0000000e-12   1.0000000e-12   4.8780488e+00   1.0389610e+01   1.8604651e+01   2.4175824e+01
   1.4814815e+01   3.4782609e+01   2.3529412e+00   1.0000000e-12   2.6666667e+00   6.6666667e+00   1.3953488e+01   4.0000000e+01
   0.0000000e+00   2.4096386e+00   0.0000000e+00   0.0000000e+00   0.0000000e+00   0.0000000e+00   0.0000000e+00   0.0000000e+00
