   3.8834951e+01   7.9310345e+01   1.1044776e+02   1.9753086e+01   1.5312500e+02   4.2553191e+01   2.2448980e+01   1.9512195e+01
   2.3728814e+01   1.0344828e+01   2.7272727e+01   1.8918919e+01   4.6153846e+01   3.2835821e+01   3.7974684e+01   2.4000000e+01
   2.5352113e+01   2.3728814e+01   3.8235294e+01   1.9718310e+01   2.4242424e+01   4.1025641e+01   1.5533981e+01   2.6804124e+01
   2.6666667e+01   4.4827586e+01   3.6619718e+01   3.2000000e+01   3.0508475e+01   3.9506173e+01   2.4324324e+01   3.5714286e+01
   1.2500000e+01   2.6865672e+01   3.7837838e+01   3.0769231e+01   5.1612903e+01   4.0425532e+01   3.0612245e+01   4.4776119e+01
   2.3529412e+01   2.1212121e+01   2.9411765e+01   2.7272727e+01   2.6470588e+01   3.5164835e+01   2.7083333e+01   2.6804124e+01
   3.0952381e+01   2.6229508e+01   2.8571429e+01   2.0289855e+01   3.3333333e+01   7.4193548e+01   2.9629630e+01   2.9473684e+01
   3.4482759e+01   4.0625000e+01   3.4375000e+01   3.2352941e+01   4.1791045e+01   5.0000000e+01   3.8181818e+01   3.0434783e+01
   1.5625000e+01   2.1428571e+01   3.7681159e+01   1.9672131e+01   4.6666667e+01   4.1935484e+01   3.9473684e+01   4.1904762e+01
   2.1538462e+01   2.1333333e+01   4.2105263e+01   2.1875000e+01   5.9154930e+01   3.9024390e+01   2.1978022e+01   4.3396226e+01
   4.0000000e+01   1.4035088e+01   3.8095238e+01   2.0512821e+01   4.6376812e+01   2.6470588e+01   3.0303030e+01   2.1428571e+01
   2.4561404e+01   4.9122807e+01   2.7272727e+01   2.3529412e+01   2.7083333e+01   2.2500000e+01   2.4528302e+01   4.2105263e+01
   2.0338983e+01   4.4067797e+01   3.0303030e+01   0.0000000e+00   3.4666667e+01   0.0000000e+00   0.0000000e+00   0.0000000e+00
