   3.5555556e+01   2.0224719e+01   1.5217391e+01   2.2727273e+01   4.0000000e+01   5.7777778e+01   4.6428571e+01   5.9523810e+01
   3.4285714e+01   2.0408163e+01   1.7142857e+01   2.4175824e+01   4.1558442e+01   5.5421687e+01   5.4945055e+01   6.0000000e+01
   3.7333333e+01   2.0833333e+01   1.5217391e+01   1.6091954e+01   4.4444444e+01   5.5263158e+01   4.9462366e+01   5.6000000e+01
   3.0136986e+01   1.7204301e+01   8.5106383e+00   1.4457831e+01   3.3766234e+01   4.4210526e+01   5.2272727e+01   5.8426966e+01
   2.8915663e+01   3.2876712e+01   1.1214953e+01   1.4117647e+01   4.1584158e+01   5.7142857e+01   4.7727273e+01   4.7826087e+01
   3.4883721e+01   2.4324324e+01   1.8823529e+01   1.8181818e+01   4.4155844e+01   6.2686567e+01   4.4210526e+01   5.8181818e+01
   4.0776699e+01   2.3157895e+01   2.5000000e+01   2.6190476e+01   4.0540541e+01   6.1363636e+01   4.9462366e+01   4.7191011e+01
   4.4230769e+01   3.9534884e+01   1.4814815e+01   1.8000000e+01   4.3076923e+01   5.1020408e+01   6.2790698e+01   5.1020408e+01
   5.5555556e+01   2.6315789e+01   1.0526316e+01   1.6470588e+01   3.3333333e+01   7.2289157e+01   4.9462366e+01   4.7058824e+01
   5.5421687e+01   2.8571429e+01   1.4736842e+01   2.0930233e+01   4.0000000e+01   5.0485437e+01   3.9130435e+01   7.4226804e+01
   4.0000000e+01   3.4210526e+01   2.3655914e+01   2.0689655e+01   5.0000000e+01   4.0506329e+01   5.3191489e+01   5.9405941e+01
