   7.5471698e+00   1.0000000e-12   2.7777778e+00   6.0606061e+00   1.3559322e+01   2.0289855e+01   1.5686275e+01   1.3043478e+01
   1.0000000e-12   4.4943820e+00   8.3333333e+00   1.0000000e-12   1.1764706e+01   2.0454545e+01   9.8039216e+00   1.3698630e+01
   1.0000000e-12   2.8571429e+00   1.0000000e-12   2.9850746e+00   1.3333333e+01   2.1621622e+01   2.1176471e+01   1.0101010e+01
   4.2105263e+00   1.0000000e-12   5.5555556e+00   3.0303030e+00   2.1428571e+01   2.1428571e+01   1.8390805e+01   2.5352113e+01
   6.8181818e+00   1.2048193e+01   5.6338028e+00   4.7058824e+00   2.5000000e+01   3.6144578e+01   3.1818182e+01   1.7582418e+01
   6.7796610e+00   1.0344828e+01   5.6338028e+00   5.1948052e+00   2.8571429e+01   3.0379747e+01   2.2641509e+01   3.9024390e+01
   3.4482759e+00   8.7912088e+00   8.5714286e+00   1.5625000e+01   2.3728814e+01   3.1428571e+01   3.4408602e+01   3.9473684e+01
   2.3255814e+00   1.7021277e+01   1.1940299e+01   2.7027027e+00   2.1052632e+01   2.7118644e+01   3.2941176e+01   1.1363636e+01
   3.4482759e+00   1.2903226e+01   1.1111111e+01   1.6901408e+01   2.8571429e+01   2.7272727e+01   4.8484848e+01   2.7272727e+01
   6.6666667e+00   7.6923077e+00   1.4634146e+01   5.4054054e+00   2.4000000e+01   3.1746032e+01   3.0434783e+01   2.2471910e+01
   1.0000000e-12   1.0000000e-12   2.9411765e+00   1.2068966e+01   2.3728814e+01   3.8383838e+01   2.4444444e+01   1.4117647e+01
