   5.6336063e-01   8.8213475e-01   1.4743444e+00   3.2295369e+00   3.9938882e+00   4.5993982e+00   5.6034193e+00   5.7039037e+00
   5.8591003e-01   1.1527802e+00   1.3656940e+00   3.2385988e+00   4.1882049e+00   4.5958405e+00   5.4506133e+00   5.8532526e+00
   7.9454884e-01   1.0289251e+00   1.3911626e+00   3.2657965e+00   4.1219645e+00   4.4173613e+00   5.2736505e+00   5.7794472e+00
   7.0914607e-01   1.0915433e+00   1.4931484e+00   3.2533864e+00   4.0449694e+00   4.7910238e+00   5.3635083e+00   5.8181573e+00
   6.3757160e-01   9.8764815e-01   1.5740295e+00   3.3757887e+00   4.2780214e+00   4.6670650e+00   5.1495964e+00   5.8110589e+00
   7.5666853e-01   9.1700857e-01   1.1700884e+00   3.3539861e+00   4.1351639e+00   4.3506615e+00   5.4932270e+00   5.7747049e+00
   7.7898863e-01   1.0979965e+00   1.4293429e+00   3.3399053e+00   4.0936233e+00   4.6595736e+00   5.4971210e+00   5.5636594e+00
   6.3269534e-01   1.2253197e+00   1.3719234e+00   3.2041665e+00   3.9240171e+00   4.3734828e+00   5.2846650e+00   5.8245420e+00
   7.5902129e-01   1.0878987e+00   1.3883520e+00   3.3011426e+00   4.1008407e+00   4.3970892e+00   5.4168197e+00   5.7334078e+00
   6.4353182e-01   9.4819281e-01   1.4013415e+00   3.3151322e+00   4.0543051e+00   4.5491216e+00   5.3327834e+00   5.8604521e+00
   5.6024905e-01   1.1142719e+00   1.6560614e+00   3.3391509e+00   4.1141571e+00   4.4156496e+00   5.6061784e+00   5.5035922e+00
