   8.1250000e+01   3.2876712e+01   4.0000000e+01   3.2911392e+01   3.2941176e+01   4.5833333e+01   3.6000000e+01   4.3298969e+01
   5.5882353e+01   3.2558140e+01   4.3478261e+01   5.4285714e+01   4.9645390e+01   3.7931034e+01   2.5242718e+01   5.0467290e+01
   5.7831325e+01   4.7222222e+01   6.5714286e+01   3.5294118e+01   3.3333333e+01   3.3644860e+01   6.0952381e+01   4.6938776e+01
   5.3521127e+01   6.0317460e+01   5.0746269e+01   3.1168831e+01   4.2622951e+01   3.6170213e+01   3.1067961e+01   3.5164835e+01
   6.0606061e+01   6.2962963e+01   5.3521127e+01   4.5000000e+01   3.1325301e+01   3.1250000e+01   3.9252336e+01   4.3809524e+01
   7.1232877e+01   6.4615385e+01   6.1764706e+01   4.0740741e+01   5.0632911e+01   5.1851852e+01   4.7826087e+01   4.0816327e+01
   7.6056338e+01   6.4406780e+01   6.2857143e+01   4.3956044e+01   3.5164835e+01   5.4761905e+01   6.0606061e+01   4.8351648e+01
   7.2000000e+01   4.6153846e+01   5.1764706e+01   5.2054795e+01   4.2352941e+01   3.2989691e+01   5.2000000e+01   4.9504950e+01
   5.1546392e+01   6.3157895e+01   4.2857143e+01   3.2258065e+01   2.0000000e+01   3.5000000e+01   4.0425532e+01   4.7826087e+01
   7.7419355e+01   5.9375000e+01   7.6923077e+01   5.3333333e+01   4.9122807e+01   6.4285714e+01   4.0366972e+01   5.3061224e+01
   6.3636364e+01   6.4912281e+01   6.3636364e+01   4.9382716e+01   5.4347826e+01   5.0393701e+01   5.7142857e+01   6.3265306e+01
