   1.5151515e+01   2.0930233e+01   2.2222222e+01   1.0000000e-12   9.5238095e+00   2.3404255e+01   3.6144578e+01   3.6190476e+01
   3.2653061e+01   4.2352941e+01   3.4482759e+01   1.0000000e-12   1.1627907e+01   2.6190476e+01   2.1176471e+01   2.7906977e+01
   3.1578947e+01   2.2471910e+01   3.4188034e+01   1.0000000e-12   1.2500000e+01   3.9534884e+01   2.2222222e+01   3.6734694e+01
   4.4444444e+01   4.0579710e+01   4.4155844e+01   2.4390244e+00   1.0000000e+01   1.6279070e+01   3.7647059e+01   4.6666667e+01
   2.0588235e+01   3.1707317e+01   3.4146341e+01   2.5641026e+00   1.3636364e+01   2.0930233e+01   2.6000000e+01   3.1372549e+01
   6.4615385e+01   6.0000000e+01   6.9841270e+01   7.3170732e+00   4.4210526e+01   4.9315068e+01   5.8666667e+01   4.8571429e+01
   5.0980392e+01   4.5070423e+01   4.5569620e+01   1.1764706e+01   4.5901639e+01   5.3333333e+01   5.7142857e+01   5.0000000e+01
   5.1327434e+01   6.7692308e+01   4.6875000e+01   1.9512195e+01   2.7777778e+01   7.1287129e+01   4.5783133e+01   4.7500000e+01
   4.2424242e+01   5.0000000e+01   4.0506329e+01   2.1951220e+01   2.4000000e+01   2.4691358e+01   5.5696203e+01   6.4285714e+01
   4.1558442e+01   6.0606061e+01   5.7971014e+01   4.5977011e+00   3.8383838e+01   4.8717949e+01   2.7848101e+01   3.0379747e+01
   3.0136986e+01   4.2105263e+01   5.6338028e+01   1.5533981e+01   5.8227848e+01   4.8717949e+01   4.8000000e+01   4.9382716e+01
