   7.6360493e-01   1.2458928e+00   1.9089394e+00   3.2472282e+00   4.1432298e+00   4.5795341e+00   5.5174357e+00   5.8878618e+00
   7.3897603e-01   1.1949158e+00   1.7272755e+00   3.2058874e+00   4.0860984e+00   4.6144278e+00   5.5883314e+00   5.5969997e+00
   7.9406590e-01   1.2123312e+00   1.7500583e+00   3.1963677e+00   4.1867915e+00   4.6592313e+00   5.5256986e+00   5.7711708e+00
   7.2689896e-01   1.1635127e+00   1.6321511e+00   3.2365354e+00   4.0298647e+00   4.7889139e+00   5.5113192e+00   5.7000590e+00
   7.4234874e-01   1.2384747e+00   1.6847750e+00   3.2326818e+00   4.2829702e+00   4.7150968e+00   5.5006609e+00   5.7889307e+00
   6.7333720e-01   1.3034543e+00   1.7076965e+00   3.1988894e+00   4.0641257e+00   4.3818329e+00   5.3234637e+00   5.6819540e+00
   6.8043093e-01   1.1664234e+00   1.6520132e+00   3.2332075e+00   3.9732907e+00   4.7304123e+00   5.4051501e+00   5.5657901e+00
   7.1356191e-01   1.0801384e+00   1.7367205e+00   3.2113645e+00   4.0532529e+00   4.7980221e+00   5.3416213e+00   5.5866711e+00
   6.8190542e-01   1.0970583e+00   1.8615006e+00   3.2060888e+00   4.1297550e+00   4.7629984e+00   5.5199877e+00   5.7260259e+00
   7.2509918e-01   1.2446053e+00   1.7505634e+00   3.1870289e+00   4.2043817e+00   4.7647725e+00   5.5075662e+00   5.7627971e+00
   7.3399662e-01   1.1121718e+00   1.6389568e+00   3.2086940e+00   4.0322334e+00   4.6460880e+00   5.4304475e+00   5.7788952e+00
