   1.3157895e+01   3.5714286e+00   6.1855670e+00   1.7721519e+01   3.2692308e+01   3.4545455e+01   1.4583333e+01   3.1372549e+01
   3.8834951e+00   6.1224490e+00   8.2191781e+00   1.9277108e+01   2.6315789e+01   2.1621622e+01   3.6363636e+01   3.3707865e+01
   4.4444444e+00   7.1428571e+00   5.7142857e+00   8.2191781e+00   2.3157895e+01   2.2727273e+01   2.1978022e+01   2.4175824e+01
   3.7037037e+00   5.6338028e+00   5.6338028e+00   1.6666667e+01   2.6262626e+01   3.3928571e+01   3.1250000e+01   4.3298969e+01
   1.2307692e+01   7.1428571e+00   2.7777778e+00   1.0810811e+01   2.5000000e+01   2.6190476e+01   4.0000000e+01   2.1686747e+01
   6.4516129e+00   3.5087719e+00   7.8947368e+00   1.3513514e+01   3.0508475e+01   2.3529412e+01   2.8000000e+01   2.8571429e+01
   2.0689655e+01   7.1428571e+00   2.7397260e+00   1.1428571e+01   2.6530612e+01   3.6000000e+01   4.5454545e+01   3.7362637e+01
   2.3728814e+01   7.0175439e+00   1.0000000e-12   1.3483146e+01   2.0338983e+01   2.7777778e+01   3.3734940e+01   3.1111111e+01
   3.7735849e+00   1.0000000e-12   9.0909091e+00   1.5000000e+01   2.5454545e+01   1.9277108e+01   3.0769231e+01   2.8571429e+01
   7.9207921e+00   6.1538462e+00   1.0000000e-12   1.6279070e+01   2.9850746e+01   4.3010753e+01   3.9534884e+01   3.5955056e+01
   1.3333333e+01   2.7397260e+00   1.0000000e-12   1.8918919e+01   3.8260870e+01   2.6829268e+01   4.3678161e+01   2.8888889e+01
