   9.3064166e-01   1.3371854e+00   1.6276252e+00   3.1416761e+00   4.3520795e+00   4.8363000e+00   5.4582432e+00   5.8475024e+00
   8.6621914e-01   1.3495882e+00   1.7809159e+00   3.1688583e+00   4.2514575e+00   4.5583973e+00   5.4797826e+00   5.7669665e+00
   6.8041918e-01   1.3695229e+00   1.6906069e+00   3.1120699e+00   4.1968393e+00   4.5266009e+00   5.4245728e+00   5.9545236e+00
   7.8244304e-01   1.3810529e+00   1.6252819e+00   3.0637590e+00   4.2664104e+00   4.5909418e+00   5.4230127e+00   5.8619047e+00
   9.1834465e-01   1.3494906e+00   1.7852802e+00   3.1936155e+00   4.2971195e+00   4.6035566e+00   5.5864407e+00   5.8603688e+00
   9.7287463e-01   1.2434097e+00   1.8076714e+00   3.1117732e+00   4.1388031e+00   4.8467208e+00   5.6346843e+00   5.9874651e+00
   7.0326701e-01   1.3732183e+00   1.8615864e+00   3.1698920e+00   4.4951890e+00   4.9713170e+00   5.5512904e+00   5.9722013e+00
   7.4094278e-01   1.3501830e+00   1.8466332e+00   3.0851644e+00   4.4102923e+00   5.0094253e+00   5.6372636e+00   5.9595020e+00
   7.6842212e-01   1.1750405e+00   2.0188159e+00   3.1925750e+00   4.2431029e+00   4.6725348e+00   5.5345184e+00   6.0759667e+00
   8.2974379e-01   1.2147207e+00   1.9213583e+00   3.1905035e+00   4.3061411e+00   4.7313264e+00   5.7005372e+00   5.8676403e+00
   6.9679493e-01   1.4585234e+00   1.6925436e+00   3.1648338e+00   4.1635987e+00   4.8473754e+00   5.6771747e+00   5.8592980e+00
