   6.9799412e-01   8.4833823e-01   1.7377412e+00   3.2490515e+00   3.9027729e+00   4.4789545e+00   5.5063700e+00   5.8805458e+00
   7.1713911e-01   8.6167897e-01   1.6872717e+00   3.2519105e+00   4.2114702e+00   4.7010996e+00   5.3430245e+00   5.8738263e+00
   5.6946087e-01   1.0956556e+00   1.6660023e+00   3.4504787e+00   3.9449087e+00   4.4738561e+00   5.5145828e+00   5.8545029e+00
   6.5737028e-01   1.0110222e+00   1.5865097e+00   3.2261941e+00   4.0432845e+00   4.3526764e+00   5.6282225e+00   5.7115638e+00
   6.8549375e-01   1.2070205e+00   1.4895862e+00   3.3020373e+00   4.1178615e+00   4.1071053e+00   5.3554814e+00   5.9015400e+00
   6.4997366e-01   9.4197261e-01   1.3633458e+00   3.2191040e+00   3.9082890e+00   4.4182738e+00   5.4205401e+00   5.6083078e+00
   7.7761904e-01   1.3112309e+00   1.3700061e+00   3.1906408e+00   4.1730927e+00   4.1316683e+00   5.4262273e+00   5.8299053e+00
   5.6942385e-01   1.2342777e+00   1.4214636e+00   3.2613419e+00   4.1462260e+00   4.2283976e+00   5.5541963e+00   5.9823826e+00
   6.1933312e-01   1.0308045e+00   1.6668638e+00   3.2058504e+00   4.1717052e+00   4.4166674e+00   5.6635508e+00   5.9766404e+00
   7.5508249e-01   1.0168091e+00   1.7349399e+00   3.0288798e+00   4.0438524e+00   4.4169983e+00   5.6522931e+00   5.8582731e+00
   6.2024503e-01   9.0772180e-01   1.8098129e+00   3.2820039e+00   4.1340113e+00   4.6750841e+00   5.5654963e+00   5.8516218e+00
