   8.2913321e-01   1.2588432e+00   1.6030412e+00   3.2275900e+00   4.2374549e+00   4.8656729e+00   5.5516780e+00   5.8095759e+00
   7.0098236e-01   1.2824258e+00   1.6572190e+00   3.2232042e+00   4.2576814e+00   4.6439851e+00   5.5078181e+00   5.8299098e+00
   8.9045903e-01   1.1134299e+00   1.7618920e+00   3.2408287e+00   4.0679771e+00   4.7204281e+00   5.3574966e+00   5.8775991e+00
   7.2676090e-01   1.2727516e+00   1.6254765e+00   3.1732535e+00   4.2015756e+00   4.5030640e+00   5.4108548e+00   5.5177548e+00
   7.7412039e-01   1.0624303e+00   1.7861456e+00   3.2323759e+00   4.2308642e+00   4.8292265e+00   5.5448531e+00   5.8336152e+00
   8.0475478e-01   1.1418349e+00   1.6226421e+00   3.2024511e+00   4.3645360e+00   4.9108405e+00   5.4957131e+00   5.7612837e+00
   7.3432398e-01   1.2019952e+00   1.7587613e+00   3.1919743e+00   4.3474094e+00   4.9285906e+00   5.5748196e+00   5.9106270e+00
   7.3613080e-01   1.0058098e+00   1.5203289e+00   3.2743439e+00   4.3405053e+00   4.7207873e+00   5.4919721e+00   5.8263567e+00
   6.9417029e-01   1.0596823e+00   1.7111916e+00   3.1495683e+00   4.3770666e+00   4.7194892e+00   5.5516112e+00   5.9317239e+00
   7.6469854e-01   1.1506986e+00   1.6752408e+00   3.1519426e+00   4.2290584e+00   4.8625007e+00   5.4247660e+00   5.7190712e+00
   7.3065838e-01   1.1055920e+00   1.5475292e+00   3.1280478e+00   4.3220972e+00   4.7845278e+00   5.6730041e+00   5.8047062e+00
