   7.4555292e-01   1.1549823e+00   1.7049785e+00   3.1588679e+00   4.2045343e+00   4.9239873e+00   5.5088310e+00   5.8543160e+00
   8.3915187e-01   1.1566519e+00   1.7248501e+00   3.2309718e+00   4.2515095e+00   4.6309372e+00   5.5146277e+00   5.9116327e+00
   8.1212583e-01   1.1240902e+00   1.6655576e+00   3.1802424e+00   4.2367666e+00   4.9077672e+00   5.5876826e+00   5.8804828e+00
   8.3856059e-01   1.1419673e+00   1.6886356e+00   3.2049943e+00   4.3583910e+00   4.7845074e+00   5.4169256e+00   5.8198697e+00
   7.1283979e-01   1.1070162e+00   1.5824678e+00   3.1886690e+00   4.4380066e+00   4.6679870e+00   5.2971784e+00   5.8572325e+00
   6.1242580e-01   1.1230845e+00   1.5777291e+00   3.2291057e+00   4.0496432e+00   4.5224049e+00   5.3747878e+00   5.7219990e+00
   7.4750013e-01   9.7650678e-01   1.6437513e+00   3.2053186e+00   4.1657717e+00   4.5739214e+00   5.3514610e+00   5.6870820e+00
   6.7415348e-01   1.1705574e+00   1.5708320e+00   3.1811489e+00   4.1712536e+00   4.5323055e+00   5.3181193e+00   5.7931790e+00
   6.7828273e-01   1.1033975e+00   1.7029170e+00   3.1735577e+00   4.2391124e+00   4.5433557e+00   5.2389080e+00   5.8347148e+00
   7.8951522e-01   1.0950325e+00   1.9475419e+00   3.2520165e+00   4.2237811e+00   4.7876459e+00   5.4036772e+00   5.6396414e+00
   7.6792160e-01   1.1519552e+00   1.7127116e+00   3.1539385e+00   4.2371916e+00   4.6639385e+00   5.4415339e+00   5.5356228e+00
   7.8554924e-01   1.0658582e+00   1.6747778e+00   3.2292019e+00   4.1479578e+00   4.6712923e+00   5.3458245e+00   5.8102348e+00
   6.2081704e-01   1.0963703e+00   1.7497224e+00   3.1678324e+00   4.2134531e+00   4.6098507e+00   5.3978119e+00   5.6863506e+00
   8.0609923e-01   1.0853399e+00   1.6918762e+00   3.1874822e+00   4.3128003e+00   4.5292770e+00   5.6224426e+00   5.5493961e+00
   8.2979217e-01   1.1266996e+00   1.6697536e+00   3.1301202e+00   4.2838853e+00   4.6367398e+00   5.3956931e+00   5.7208570e+00
   8.0047080e-01   1.1487521e+00   1.6349516e+00   3.1950789e+00   4.2573047e+00   4.7782201e+00   5.4358133e+00   5.9025847e+00
   8.5991973e-01   1.1093571e+00   1.6439314e+00   3.1772782e+00   4.3225073e+00   4.5865048e+00   5.3938938e+00   5.7979117e+00
