   2.1621622e+01   3.6363636e+01   3.1325301e+01   3.0232558e+01   8.2191781e+00   1.0000000e-12   9.1954023e+00   1.0000000e-12
   1.0666667e+01   2.9333333e+01   3.5897436e+01   3.4782609e+01   5.4794521e+00   4.9382716e+00   1.0000000e-12   1.0752688e+01
   2.3376623e+01   3.7500000e+01   4.1860465e+01   4.2222222e+01   1.5384615e+01   4.4444444e+00   6.6666667e+00   4.1666667e+00
   1.6216216e+01   3.7333333e+01   2.8205128e+01   3.8202247e+01   7.1428571e+00   4.1237113e+00   6.1224490e+00   6.1224490e+00
   2.4000000e+01   2.6086957e+01   3.2098765e+01   3.3333333e+01   6.2500000e+00   4.8780488e+00   2.4390244e+00   1.0000000e-12
   8.1081081e+00   1.9178082e+01   2.4390244e+01   2.3655914e+01   5.1948052e+00   5.7971014e+00   2.3255814e+00   2.1276596e+00
   1.2500000e+01   2.0895522e+01   3.4042553e+01   2.5581395e+01   6.8965517e+00   4.9382716e+00   4.0404040e+00   2.2471910e+00
   2.0000000e+01   2.5000000e+01   2.6666667e+01   2.2727273e+01   7.4074074e+00   4.6511628e+00   2.2471910e+00   1.9230769e+00
   2.1428571e+01   2.5352113e+01   2.8235294e+01   2.6966292e+01   6.5934066e+00   2.2988506e+00   3.9215686e+00   7.6190476e+00
   1.4084507e+01   3.2432432e+01   2.8947368e+01   3.3027523e+01   1.0256410e+01   2.0618557e+00   1.9801980e+00   4.2105263e+00
   1.3333333e+01   2.6190476e+01   3.2098765e+01   4.0000000e+01   1.2987013e+01   5.1282051e+00   4.9382716e+00   4.2553191e+00
   2.7777778e+00   2.3880597e+01   2.5581395e+01   3.7362637e+01   5.5555556e+00   4.2105263e+00   1.0000000e-12   2.1505376e+00
   1.3953488e+01   2.5316456e+01   2.8888889e+01   3.2941176e+01   5.1282051e+00   5.3333333e+00   4.1237113e+00   1.0000000e-12
   1.3861386e+01   3.4666667e+01   3.0588235e+01   3.7209302e+01   4.8780488e+00   2.7777778e+00   4.0000000e+00   2.1739130e+00
   1.6666667e+01   3.1818182e+01   3.8000000e+01   3.2558140e+01   9.0909091e+00   4.3478261e+00   2.1739130e+00   2.0833333e+00
   2.2222222e+01   2.9729730e+01   4.1237113e+01   3.8554217e+01   7.2289157e+00   2.2727273e+00   2.1739130e+00   3.7037037e+00
   2.3684211e+01   3.2000000e+01   2.6923077e+01   3.4146341e+01   8.4210526e+00   2.4096386e+00   2.1978022e+00   1.0000000e-12
