   5.3932584e+01   4.6666667e+01   5.2941176e+01   8.7356322e+01   3.5443038e+01   3.1168831e+01   2.6168224e+01   3.0612245e+01
   4.5161290e+01   5.3763441e+01   5.1612903e+01   7.4074074e+01   2.1978022e+01   2.5000000e+01   2.4242424e+01   3.1067961e+01
   3.7362637e+01   3.9506173e+01   4.3181818e+01   8.2926829e+01   2.8985507e+01   2.1978022e+01   2.5490196e+01   3.6734694e+01
   4.6753247e+01   5.6818182e+01   4.8484848e+01   7.8378378e+01   3.2608696e+01   2.3880597e+01   3.3333333e+01   4.1860465e+01
   5.2380952e+01   4.8888889e+01   5.6603774e+01   8.2666667e+01   4.7368421e+01   2.5581395e+01   3.7777778e+01   3.4951456e+01
   4.4660194e+01   2.9333333e+01   4.4155844e+01   1.0352941e+02   2.9333333e+01   4.1025641e+01   2.9473684e+01   2.1782178e+01
   4.3373494e+01   3.6619718e+01   4.6666667e+01   8.2051282e+01   4.0540541e+01   2.7368421e+01   2.9166667e+01   2.2916667e+01
   3.7254902e+01   4.6511628e+01   4.6774194e+01   8.0487805e+01   4.0476190e+01   9.8039216e+00   3.1250000e+01   2.7659574e+01
   4.3902439e+01   6.1176471e+01   4.2500000e+01   8.6746988e+01   3.2258065e+01   2.3762376e+01   3.4285714e+01   3.2989691e+01
   4.9438202e+01   5.2525253e+01   4.6153846e+01   8.1395349e+01   3.9344262e+01   2.2916667e+01   2.4444444e+01   3.1818182e+01
   3.9024390e+01   6.1538462e+01   4.5283019e+01   6.8354430e+01   3.0357143e+01   2.5287356e+01   3.2608696e+01   3.4408602e+01
