   8.4049608e-01   8.4747339e-01   1.5372688e+00   3.3662951e+00   4.2231265e+00   4.6124429e+00   5.3720541e+00   5.5723479e+00
   7.1406177e-01   1.2887994e+00   1.7791546e+00   3.2725942e+00   4.2157926e+00   4.5929864e+00   5.4207449e+00   5.5609916e+00
   5.4660136e-01   9.4758840e-01   1.6899540e+00   3.1902189e+00   4.1041381e+00   4.6181909e+00   5.4667064e+00   5.6565694e+00
   8.1723430e-01   1.2940061e+00   1.7140706e+00   3.3948079e+00   4.1051211e+00   4.5645348e+00   5.4888128e+00   5.6990058e+00
   7.4358746e-01   9.2155738e-01   1.5885830e+00   3.4959335e+00   4.2791309e+00   4.4978648e+00   5.1901569e+00   5.7291033e+00
   7.6968927e-01   1.1999941e+00   1.6069389e+00   3.3064838e+00   4.2255331e+00   4.4871608e+00   5.4000201e+00   5.8284124e+00
   7.8145328e-01   1.0854409e+00   1.6967603e+00   3.2894391e+00   4.2786478e+00   4.6404818e+00   5.5322868e+00   5.7187421e+00
   5.0541699e-01   1.3664859e+00   1.6083992e+00   3.3645726e+00   4.3626479e+00   4.6858852e+00   5.4621446e+00   5.7553368e+00
   6.7581142e-01   9.6871481e-01   1.6312892e+00   3.0123285e+00   4.0277988e+00   4.5693610e+00   5.4611360e+00   5.8277147e+00
   8.8334699e-01   1.1863208e+00   1.5191534e+00   3.2541394e+00   4.0385677e+00   4.5099005e+00   5.4345398e+00   5.7123221e+00
   7.6454799e-01   1.1447497e+00   1.8115228e+00   3.2609226e+00   4.2147867e+00   4.4799053e+00   5.4878220e+00   5.7945919e+00
