   3.7288136e+01   3.8095238e+01   5.6000000e+01   8.1081081e+00   2.4691358e+00   4.4444444e+00   4.4444444e+00   5.6074766e+00
   3.4375000e+01   4.6464646e+01   3.2500000e+01   7.8947368e+00   1.1764706e+01   2.1505376e+00   5.0420168e+00   1.2068966e+01
   2.0512821e+01   4.0000000e+01   4.4444444e+01   1.8823529e+01   5.7142857e+00   9.0909091e+00   8.1967213e+00   1.1214953e+01
   2.7184466e+01   4.7761194e+01   6.3333333e+01   9.4117647e+00   6.2500000e+00   5.9701493e+00   2.2222222e+00   1.0526316e+01
   2.8985507e+01   6.1016949e+01   5.6250000e+01   2.1176471e+01   9.8360656e+00   1.0000000e-12   1.5384615e+01   9.4339623e+00
   2.2448980e+01   4.0540541e+01   4.2424242e+01   2.0930233e+01   1.0000000e-12   1.0000000e-12   5.1724138e+00   7.3394495e+00
   2.6506024e+01   5.7142857e+01   3.0088496e+01   1.7073171e+01   8.2191781e+00   3.3898305e+00   7.7922078e+00   5.6603774e+00
   1.2903226e+01   3.7288136e+01   1.0084034e+01   1.0126582e+01   7.2727273e+00   8.8888889e+00   3.7037037e+00   7.7922078e+00
   2.8571429e+01   5.2307692e+01   4.9382716e+01   2.1951220e+01   2.1875000e+01   5.0632911e+00   7.1428571e+00   1.1009174e+01
   4.5901639e+01   4.5652174e+01   3.2380952e+01   1.2987013e+01   7.0175439e+00   5.9405941e+00   1.0989011e+01   7.8431373e+00
   3.3962264e+01   5.2307692e+01   5.1485149e+01   2.5287356e+01   1.5625000e+01   1.3698630e+01   1.2987013e+01   1.4414414e+01
   5.0847458e+01   5.3125000e+01   6.2162162e+01   1.7500000e+01   1.2307692e+01   4.4444444e+00   1.6393443e+01   1.2500000e+01
   4.9180328e+01   3.0769231e+01   6.8493151e+01   1.2195122e+01   6.6666667e+00   7.5000000e+00   9.9009901e+00   1.3675214e+01
   2.4590164e+01   5.4838710e+01   7.0769231e+01   1.0526316e+01   5.2631579e+00   1.0309278e+01   7.4074074e+00   1.5384615e+01
   5.2941176e+01   5.6818182e+01   4.5161290e+01   1.0000000e+01   9.6385542e+00   1.1851852e+01   8.8495575e+00   6.1224490e+00
   4.6875000e+01   5.4237288e+01   8.1250000e+01   1.9277108e+01   1.3186813e+01   1.7241379e+01   1.3461538e+01   1.3461538e+01
   2.7692308e+01   4.0425532e+01   7.3846154e+01   9.6385542e+00   9.0909091e+00   9.7560976e+00   7.7519380e+00   1.3461538e+01
