   8.4858805e-01   8.9079842e-01   1.4115663e+00   3.4726164e+00   4.2841242e+00   4.2521570e+00   5.2130635e+00   5.8082217e+00
   7.4975193e-01   1.0293926e+00   1.4189381e+00   3.5088645e+00   3.9389896e+00   4.3839765e+00   5.2336385e+00   5.8621196e+00
   6.6661743e-01   9.5096594e-01   1.5245444e+00   3.3878366e+00   4.0265419e+00   4.4008006e+00   5.2914394e+00   5.8238064e+00
   6.9647827e-01   1.0800796e+00   1.2616755e+00   3.2229720e+00   4.0832536e+00   4.2187209e+00   5.2321208e+00   5.8405073e+00
   6.5473162e-01   9.1380898e-01   1.5032892e+00   3.3536618e+00   4.0045533e+00   4.5373166e+00   5.4893185e+00   5.7121249e+00
   6.7173388e-01   9.2180638e-01   1.2720848e+00   3.2442714e+00   4.0357236e+00   4.1072947e+00   5.4024364e+00   5.8303755e+00
   7.7266854e-01   8.2946133e-01   1.3583418e+00   3.3668769e+00   3.9646134e+00   4.1631719e+00   5.2888721e+00   5.7679029e+00
   7.8828282e-01   9.1379326e-01   1.4302609e+00   3.6065567e+00   3.9514910e+00   4.4807752e+00   5.4494899e+00   6.0642322e+00
   8.1072123e-01   1.0315014e+00   1.4637584e+00   3.2682542e+00   3.9819006e+00   4.3547079e+00   5.0458358e+00   5.7400277e+00
   7.9461309e-01   9.6671939e-01   1.5005272e+00   3.3601630e+00   3.9621605e+00   4.4316868e+00   5.2827559e+00   5.7316805e+00
   7.2413591e-01   1.2592887e+00   1.5361720e+00   3.3029193e+00   4.0300659e+00   4.2285638e+00   4.9227429e+00   5.8207237e+00
   7.0353483e-01   9.4194631e-01   1.4226446e+00   3.3309453e+00   3.9586986e+00   4.2505759e+00   5.2165615e+00   5.8663846e+00
   7.6090550e-01   7.5519587e-01   1.2346554e+00   3.2608650e+00   3.9769232e+00   4.2693682e+00   5.3436930e+00   5.8139227e+00
   4.8110311e-01   9.4079415e-01   1.3236962e+00   3.3343336e+00   4.0623050e+00   4.4265188e+00   5.4901275e+00   5.7313075e+00
   7.1460261e-01   1.1023925e+00   1.4197954e+00   3.3339276e+00   4.0316865e+00   4.4676233e+00   5.4203520e+00   6.0493743e+00
   7.8521822e-01   8.5586714e-01   1.1706823e+00   3.2788127e+00   4.2249137e+00   4.0501994e+00   5.3400910e+00   5.6479001e+00
   7.1153377e-01   1.0810701e+00   1.4487863e+00   3.3123821e+00   3.9664901e+00   4.3932213e+00   5.4480094e+00   5.8211912e+00
