   4.6511628e+00   1.2500000e+01   1.7073171e+01   2.5000000e+01   1.2121212e+01   2.5316456e+00   2.1276596e+00   3.9215686e+00
   7.3170732e+00   1.4285714e+01   1.5217391e+01   3.9473684e+01   6.8181818e+00   4.7619048e+00   2.1978022e+00   7.0588235e+00
   5.4054054e+00   1.6666667e+01   2.0202020e+01   3.7037037e+01   1.5189873e+01   6.9767442e+00   2.3809524e+00   3.9215686e+00
   9.2307692e+00   1.5555556e+01   1.3186813e+01   3.5955056e+01   2.5974026e+00   4.7619048e+00   1.9801980e+00   3.9215686e+00
   4.2105263e+00   1.1363636e+01   1.7021277e+01   4.0000000e+01   1.6216216e+01   2.4096386e+00   2.1978022e+00   1.0000000e-12
   4.4943820e+00   1.0309278e+01   1.8181818e+01   3.8095238e+01   9.7560976e+00   9.1954023e+00   2.0833333e+00   1.0000000e-12
   6.0606061e+00   1.8556701e+01   1.7977528e+01   3.0588235e+01   1.6901408e+01   2.2471910e+00   3.9603960e+00   3.4188034e+00
   2.4390244e+00   6.9767442e+00   2.3076923e+01   4.0476190e+01   5.6338028e+00   8.8235294e+00   1.9230769e+00   1.0000000e-12
   5.9701493e+00   8.8888889e+00   1.4457831e+01   2.0253165e+01   1.1428571e+01   2.2471910e+00   2.0618557e+00   1.0000000e-12
   1.0000000e-12   2.5316456e+00   8.2191781e+00   2.2222222e+01   4.7058824e+00   6.5217391e+00   2.0000000e+00   9.3457944e+00
   5.8252427e+00   4.8192771e+00   1.8556701e+01   2.9268293e+01   9.5238095e+00   4.8192771e+00   1.8181818e+00   1.0000000e-12
