   8.1218919e-01   1.0805147e+00   1.6861341e+00   3.0979001e+00   4.0239451e+00   4.2300718e+00   5.2880390e+00   5.7671451e+00
   7.2931285e-01   1.0209954e+00   1.6856403e+00   3.1330171e+00   4.0964571e+00   4.1194690e+00   5.2857544e+00   5.7474940e+00
   6.8790325e-01   1.1865214e+00   1.3781683e+00   3.2561509e+00   4.0471008e+00   4.2407522e+00   5.3892790e+00   5.7961294e+00
   6.4442114e-01   9.0804657e-01   1.5718096e+00   3.1656770e+00   4.0933804e+00   4.7771097e+00   5.2852360e+00   5.8688880e+00
   7.2216374e-01   1.0012886e+00   1.5297335e+00   3.0461925e+00   4.0864121e+00   4.4454188e+00   5.3483901e+00   5.8958929e+00
   8.6888931e-01   1.3950166e+00   1.4334233e+00   3.1125609e+00   4.0444244e+00   4.3426233e+00   5.3599373e+00   5.6781673e+00
   6.8225177e-01   1.1287748e+00   1.4579812e+00   3.1270285e+00   3.9700429e+00   4.3050810e+00   5.5697721e+00   5.7963270e+00
   7.1956674e-01   1.1875796e+00   1.8060341e+00   3.1104898e+00   4.2303683e+00   4.5510815e+00   5.4175432e+00   5.8218438e+00
   7.1363480e-01   1.1503916e+00   1.0557416e+00   3.2834551e+00   4.1361964e+00   4.2688463e+00   5.3208409e+00   5.7344529e+00
   7.9713537e-01   1.1171049e+00   1.5961051e+00   3.0918058e+00   3.9158286e+00   4.5663144e+00   5.5393809e+00   6.1094380e+00
   7.7098098e-01   1.3144616e+00   1.4404197e+00   3.1712939e+00   4.0139933e+00   4.4496465e+00   5.3198179e+00   5.9278295e+00
   6.9269852e-01   1.1796036e+00   1.6885949e+00   3.2032831e+00   4.0108377e+00   4.3625541e+00   5.3805294e+00   5.7816177e+00
   7.9296852e-01   1.1178115e+00   1.7095564e+00   3.2059441e+00   3.9718033e+00   4.5242045e+00   5.2744739e+00   5.8882758e+00
   7.4888387e-01   9.6054977e-01   1.2505014e+00   3.1569490e+00   4.2989294e+00   4.1959701e+00   5.3343911e+00   5.4741695e+00
   6.8639113e-01   1.1257586e+00   1.5878251e+00   3.2355973e+00   4.1476529e+00   4.5944827e+00   5.2460006e+00   5.5479155e+00
   7.0992893e-01   1.1294827e+00   1.4658442e+00   3.1809572e+00   4.2057738e+00   4.5980786e+00   5.2655618e+00   5.6202389e+00
   8.1175333e-01   1.0197843e+00   1.4383541e+00   3.1650363e+00   4.1967678e+00   4.1844643e+00   5.4969364e+00   5.7387438e+00
