   5.5555556e+00   1.1764706e+01   7.5949367e+00   2.3157895e+01   1.3483146e+01   1.2121212e+01   1.1494253e+01   1.3207547e+01
   9.0909091e+00   1.1494253e+01   1.1594203e+01   2.2471910e+01   3.5087719e+00   1.4414414e+01   9.6153846e+00   1.1764706e+01
   8.1632653e+00   3.2786885e+00   1.5789474e+01   1.4814815e+01   1.0434783e+01   9.8765432e+00   7.2727273e+00   9.9009901e+00
   1.2500000e+01   1.0000000e-12   8.1081081e+00   2.0000000e+01   6.6666667e+00   2.6666667e+00   7.6190476e+00   9.8039216e+00
   1.0526316e+01   3.3333333e+00   1.0256410e+01   1.0752688e+01   1.0416667e+01   1.7142857e+01   1.0204082e+01   8.3333333e+00
   3.7037037e+00   7.1428571e+00   5.7142857e+00   1.0526316e+01   1.5189873e+01   8.6956522e+00   1.2500000e+01   2.1052632e+01
   1.5094340e+01   6.8965517e+00   1.1594203e+01   1.2765957e+01   1.0638298e+01   7.0588235e+00   1.1627907e+01   1.0000000e-12
   3.3898305e+00   3.2258065e+00   2.0168067e+01   1.8181818e+01   1.0344828e+01   8.3333333e+00   6.8965517e+00   4.5454545e+00
   5.3333333e+00   3.1250000e+00   5.5555556e+00   1.8918919e+01   8.6021505e+00   1.2371134e+01   1.3483146e+01   1.4457831e+01
   0.0000000e+00   0.0000000e+00   5.9701493e+00   7.7922078e+00   1.2631579e+01   0.0000000e+00   0.0000000e+00   4.5977011e+00
