   1.8750000e+01   4.6153846e+01   4.4444444e+01   1.1881188e+01   1.4035088e+01   7.0588235e+00   6.5217391e+00   1.1965812e+01
   1.7910448e+01   4.9230769e+01   3.0769231e+01   2.5531915e+01   2.1428571e+01   6.8965517e+00   6.6666667e+00   1.0526316e+01
   1.8918919e+01   2.0000000e+01   3.3846154e+01   2.2727273e+01   1.3559322e+01   2.8125000e+01   1.5238095e+01   7.5471698e+00
   2.2857143e+01   2.9032258e+01   4.5945946e+01   1.5384615e+01   3.1746032e+00   2.6530612e+01   1.2048193e+01   1.5384615e+01
   1.6901408e+01   2.9508197e+01   3.2911392e+01   1.0989011e+01   3.2911392e+01   1.0000000e-12   6.5934066e+00   3.7974684e+00
   3.0000000e+01   3.4210526e+01   3.4285714e+01   1.9780220e+01   6.1538462e+00   1.6279070e+01   6.5573770e+00   1.5238095e+01
   2.6229508e+01   3.5294118e+01   5.1351351e+01   1.3953488e+01   5.4794521e+00   7.1428571e+00   1.1494253e+01   6.4516129e+00
   3.3333333e+01   5.0000000e+01   4.6464646e+01   8.8888889e+00   7.6923077e+00   8.9887640e+00   9.3023256e+00   1.4432990e+01
   1.6822430e+01   3.7894737e+01   4.1176471e+01   1.9047619e+01   5.7692308e+00   1.0389610e+01   8.8888889e+00   1.5238095e+01
   4.1935484e+01   3.8805970e+01   4.1095890e+01   1.6666667e+01   1.0000000e-12   1.3793103e+01   4.8192771e+00   1.7948718e+01
   3.2835821e+01   2.5000000e+01   3.7500000e+01   1.0989011e+01   3.2258065e+00   1.9277108e+01   1.0526316e+01   1.6867470e+01
   2.0588235e+01   4.0000000e+01   3.1884058e+01   2.0689655e+01   1.0344828e+01   8.6956522e+00   8.2474227e+00   1.1764706e+01
   4.0000000e+01   4.6666667e+01   6.0000000e+01   1.2903226e+01   1.3114754e+01   1.0989011e+01   1.1764706e+01   1.6091954e+01
   2.5806452e+01   4.1791045e+01   6.3492063e+01   1.2820513e+01   1.5730337e+01   1.3513514e+01   1.0000000e+01   7.1428571e+00
   2.3880597e+01   4.0579710e+01   4.4155844e+01   1.8181818e+01   2.1782178e+01   1.0344828e+01   1.1570248e+01   1.3461538e+01
   3.2142857e+01   3.0769231e+01   3.1325301e+01   1.5789474e+01   2.5974026e+00   1.6842105e+01   1.3953488e+01   1.6822430e+01
   2.0000000e+01   5.7142857e+01   6.6666667e+01   1.4736842e+01   6.1538462e+00   1.0169492e+01   1.0000000e-12   9.8039216e+00
