   4.0000000e+01   8.0701754e+01   6.2650602e+01   1.6666667e+01   6.8181818e+00   7.2289157e+00   4.1666667e+00   2.1052632e+01
   3.0769231e+01   7.1428571e+01   7.6086957e+01   2.2641509e+01   3.6363636e+00   1.0000000e-12   1.1764706e+01   1.3043478e+01
   3.3962264e+01   6.0550459e+01   5.2000000e+01   2.0000000e+01   6.8965517e+00   4.3956044e+00   9.4117647e+00   4.9382716e+00
   4.6000000e+01   5.9574468e+01   5.5462185e+01   9.6385542e+00   6.8181818e+00   2.2988506e+00   9.1954023e+00   1.1881188e+01
   4.0425532e+01   6.6666667e+01   6.0869565e+01   2.2222222e+01   5.9405941e+00   5.9405941e+00   1.2612613e+01   1.7721519e+01
   3.7931034e+01   7.4725275e+01   7.6543210e+01   1.4893617e+01   2.9850746e+00   1.3483146e+01   8.8888889e+00   1.1428571e+01
   4.6153846e+01   2.1505376e+01   7.2941176e+01   1.9047619e+01   9.0909091e+00   1.2244898e+01   5.5555556e+00   1.3793103e+01
   5.9649123e+01   8.2539683e+01   6.5263158e+01   3.1578947e+01   1.0000000e-12   1.2765957e+01   1.4893617e+01   1.9780220e+01
   5.4945055e+01   7.4074074e+01   6.8085106e+01   2.7184466e+01   1.4285714e+01   1.5384615e+01   1.3740458e+01   1.9277108e+01
   4.1666667e+01   2.3529412e+00   9.2307692e+01   2.3255814e+01   1.1594203e+01   2.4390244e+00   9.4117647e+00   2.2680412e+01
   4.7457627e+01   7.9069767e+01   6.5882353e+01   2.3529412e+01   5.7971014e+00   7.3170732e+00   9.6153846e+00   1.2371134e+01
   5.2173913e+01   5.7731959e+01   6.0000000e+01   2.8915663e+01   2.1276596e+00   4.7058824e+00   1.3953488e+01   7.7922078e+00
   5.0000000e+01   6.7391304e+01   8.7500000e+01   1.6470588e+01   2.0833333e+01   2.5000000e+00   8.5106383e+00   1.4285714e+01
   4.7058824e+01   7.7551020e+01   6.4367816e+01   2.1176471e+01   1.1627907e+01   4.8780488e+00   1.2658228e+01   1.0434783e+01
   4.8275862e+01   6.1538462e+01   7.6190476e+01   2.0000000e+01   3.1746032e+00   7.0588235e+00   1.2213740e+01   8.6021505e+00
   4.2105263e+01   5.4945055e+01   7.0000000e+01   1.6279070e+01   9.3750000e+00   4.7619048e+00   9.6385542e+00   1.2048193e+01
   5.4761905e+01   6.9662921e+01   6.0952381e+01   2.3529412e+01   3.6363636e+00   4.7058824e+00   1.6666667e+01   1.1494253e+01
