   5.4545455e+01   2.8571429e+01   3.7209302e+01   2.1686747e+01   1.1235955e+01   2.5882353e+01   4.3809524e+01   6.5979381e+01
   5.7692308e+01   4.5000000e+01   4.3037975e+01   1.4634146e+01   3.5955056e+01   4.2000000e+01   6.2745098e+01   8.3760684e+01
   4.4444444e+01   4.0000000e+01   4.9350649e+01   1.9512195e+01   3.4108527e+01   3.0555556e+01   5.4000000e+01   4.8484848e+01
   4.0625000e+01   2.0454545e+01   4.8543689e+01   1.7721519e+01   2.7027027e+01   1.7721519e+01   4.3181818e+01   7.4226804e+01
   3.2911392e+01   5.2631579e+01   3.1578947e+01   2.5641026e+00   3.0985915e+01   5.1764706e+01   4.3835616e+01   5.9793814e+01
   7.1428571e+01   5.7534247e+01   6.9696970e+01   5.3333333e+00   5.5813953e+01   2.8169014e+01   6.9014085e+01   7.3563218e+01
   7.1428571e+01   7.5675676e+01   7.0270270e+01   5.0632911e+00   5.8974359e+01   4.8101266e+01   6.1538462e+01   5.9259259e+01
   6.2857143e+01   5.3333333e+01   5.3521127e+01   1.3157895e+01   3.5483871e+01   4.7500000e+01   5.2500000e+01   7.5000000e+01
   5.2173913e+01   6.5168539e+01   5.6756757e+01   2.4242424e+01   5.5696203e+01   4.2253521e+01   6.8354430e+01   8.0769231e+01
   5.4545455e+01   6.6666667e+01   4.7761194e+01   1.4084507e+01   4.2666667e+01   5.3932584e+01   5.3488372e+01   5.8000000e+01
   5.0000000e+01   4.9382716e+01   6.0273973e+01   1.0810811e+01   3.4146341e+01   4.6551724e+01   5.1948052e+01   5.6000000e+01
