   2.9787234e+01   3.9473684e+01   2.9411765e+01   7.8947368e+00   1.7500000e+01   8.1081081e+00   1.0000000e-12   3.9603960e+00
   3.5294118e+01   3.2911392e+01   3.8202247e+01   1.3333333e+01   9.6385542e+00   1.0000000e-12   1.0000000e-12   1.3186813e+01
   3.2258065e+01   3.5294118e+01   4.0540541e+01   1.5584416e+01   5.1948052e+00   9.6385542e+00   2.3809524e+00   1.0638298e+01
   2.5490196e+01   3.7037037e+01   2.5000000e+01   1.9178082e+01   8.3333333e+00   2.3809524e+00   1.3953488e+01   8.7912088e+00
   2.0224719e+01   4.4444444e+01   2.5925926e+01   7.5000000e+00   2.2222222e+00   5.3333333e+00   2.3255814e+00   8.2474227e+00
   2.6315789e+01   2.8947368e+01   2.4074074e+01   8.7912088e+00   8.2191781e+00   2.7027027e+00   1.0000000e-12   8.9887640e+00
   3.7362637e+01   2.9787234e+01   3.9215686e+01   4.8192771e+00   5.1948052e+00   5.0000000e+00   2.5974026e+00   4.1237113e+00
   3.0232558e+01   3.3333333e+01   4.1818182e+01   1.2658228e+01   2.9850746e+00   1.0000000e-12   1.0000000e-12   2.0618557e+00
   4.4736842e+01   2.5641026e+01   2.5742574e+01   1.2500000e+01   2.8169014e+00   1.0000000e-12   4.3956044e+00   1.0000000e-12
   3.8297872e+01   3.4146341e+01   3.6956522e+01   4.7058824e+00   2.5641026e+00   2.6315789e+00   1.0000000e-12   1.0000000e-12
   3.0136986e+01   3.7500000e+01   3.2000000e+01   1.0666667e+01   2.7397260e+00   1.0000000e-12   5.8823529e+00   1.0000000e-12
