   6.9949046e-01   1.0583259e+00   1.6173727e+00   3.1914245e+00   4.0688879e+00   4.3816214e+00   5.3498179e+00   5.7214841e+00
   6.8224497e-01   9.3314157e-01   1.5692242e+00   3.1926812e+00   4.0937654e+00   4.3411255e+00   5.5388726e+00   5.8869252e+00
   6.7077998e-01   9.7737130e-01   1.7127590e+00   3.2040035e+00   4.0391578e+00   4.5630209e+00   5.4790788e+00   5.8626905e+00
   6.1800262e-01   1.1049378e+00   1.6167068e+00   3.1632868e+00   3.9868073e+00   4.7605322e+00   5.3762071e+00   5.8537938e+00
   6.4730832e-01   1.1774089e+00   1.3793562e+00   3.4488793e+00   4.2385010e+00   4.4787153e+00   5.3941992e+00   5.8399916e+00
   6.9395813e-01   9.4124718e-01   1.4432915e+00   3.2102496e+00   4.0307298e+00   4.4712713e+00   5.2980172e+00   5.6364302e+00
   7.3676676e-01   9.5305575e-01   1.7015870e+00   3.2385572e+00   4.1632682e+00   4.4427426e+00   5.4597404e+00   5.8639606e+00
   6.2285365e-01   9.7070951e-01   1.5100478e+00   3.3356109e+00   3.9315751e+00   4.4532538e+00   5.4630740e+00   5.8236674e+00
   7.6431967e-01   1.2593127e+00   1.5509887e+00   3.2785858e+00   4.2460628e+00   4.4698343e+00   5.5826031e+00   5.7461133e+00
   6.2389550e-01   1.0555620e+00   1.5077682e+00   3.2956939e+00   4.1919623e+00   4.4964943e+00   5.4306081e+00   5.7101564e+00
   0.0000000e+00   0.0000000e+00   1.5607783e+00   0.0000000e+00   0.0000000e+00   0.0000000e+00   0.0000000e+00   0.0000000e+00
