   6.4556950e-01   8.6514627e-01   1.4537914e+00   3.2039364e+00   4.1922343e+00   4.4842714e+00   5.2247361e+00   5.8017392e+00
   6.4953947e-01   8.3626280e-01   1.7567688e+00   3.2176095e+00   3.9357948e+00   4.4098682e+00   5.6559055e+00   5.9673202e+00
   6.3345802e-01   1.1304086e+00   1.5428119e+00   3.2675799e+00   3.9887287e+00   4.5457450e+00   5.3814308e+00   5.9920854e+00
   8.4858336e-01   1.0696787e+00   1.4794356e+00   3.2769951e+00   4.1541447e+00   4.6205024e+00   5.4913294e+00   5.8437672e+00
   6.5793040e-01   1.0995860e+00   1.5987744e+00   3.2639744e+00   4.1432296e+00   4.6044454e+00   5.5738188e+00   5.9857077e+00
   7.2135563e-01   1.0362189e+00   1.3310255e+00   3.3855569e+00   4.0269489e+00   4.3907187e+00   5.5523104e+00   6.0126219e+00
   7.5561785e-01   1.0534737e+00   1.5396903e+00   3.2200988e+00   3.9652746e+00   4.4327564e+00   5.3666775e+00   5.9463528e+00
   6.6358291e-01   1.0012703e+00   1.5974752e+00   3.3257368e+00   4.0236148e+00   4.5408540e+00   5.4323526e+00   5.8106196e+00
   7.9739149e-01   8.2303683e-01   1.4896748e+00   3.2306738e+00   4.0588039e+00   4.5097058e+00   5.4578224e+00   5.6997309e+00
   5.9404103e-01   1.1054184e+00   1.3978847e+00   3.2829587e+00   4.2150368e+00   4.3709967e+00   5.4183604e+00   5.7227919e+00
   7.7684732e-01   1.0734916e+00   1.5743467e+00   3.1732249e+00   3.9106475e+00   4.5233907e+00   5.4438343e+00   5.7693945e+00
   6.7513272e-01   1.1660273e+00   1.5003023e+00   3.2724066e+00   4.0990293e+00   4.4647953e+00   5.3074241e+00   5.9846591e+00
   6.1820948e-01   1.1128934e+00   1.4557098e+00   3.1942991e+00   3.8989615e+00   4.5337658e+00   5.6398602e+00   5.7019195e+00
   7.3138107e-01   9.1469788e-01   1.4353875e+00   3.2675152e+00   4.0417164e+00   4.4428671e+00   5.3567181e+00   5.8929076e+00
   6.5973208e-01   1.0504783e+00   1.4892869e+00   3.2811944e+00   3.9859303e+00   4.5484847e+00   5.5032270e+00   5.9358674e+00
   6.8178283e-01   1.0309362e+00   1.7599077e+00   3.1154597e+00   4.0294422e+00   4.5630954e+00   5.4603485e+00   5.5764386e+00
   6.6320052e-01   1.1060230e+00   1.4908098e+00   3.2056341e+00   4.0165228e+00   4.3112293e+00   5.3747200e+00   5.8902535e+00
