   8.0678643e-01   1.1940868e+00   1.8170298e+00   3.1366312e+00   4.1449717e+00   4.6213275e+00   5.6036028e+00   5.9444070e+00
   8.3512727e-01   1.2155347e+00   1.6420391e+00   3.1673299e+00   4.3107870e+00   4.2315033e+00   5.4960679e+00   5.8512902e+00
   7.2048670e-01   1.3036643e+00   1.9303818e+00   3.1358311e+00   3.9347848e+00   4.7314779e+00   5.6626337e+00   5.8252090e+00
   7.5529874e-01   1.2329588e+00   1.8504624e+00   3.1133212e+00   4.3856597e+00   4.5236349e+00   5.5438162e+00   5.7625049e+00
   8.3641900e-01   1.2377106e+00   1.7395278e+00   3.1316130e+00   4.2001911e+00   4.6861433e+00   5.5832026e+00   5.6952038e+00
   9.6489967e-01   1.1349750e+00   1.6446309e+00   2.9847215e+00   4.1741315e+00   4.5019596e+00   5.4798084e+00   5.9056655e+00
   7.4484138e-01   1.1469927e+00   1.9244059e+00   3.1174306e+00   4.1789578e+00   4.7962672e+00   5.5579252e+00   5.9224305e+00
   7.7487812e-01   1.2054111e+00   1.6497260e+00   3.1146692e+00   4.3208332e+00   4.6302881e+00   5.7243581e+00   5.9340384e+00
   7.7398857e-01   1.2341358e+00   1.6379005e+00   3.1210508e+00   4.2555397e+00   4.7531539e+00   5.7144496e+00   6.0392358e+00
   7.2258213e-01   1.2014176e+00   1.7747335e+00   3.1549717e+00   4.0512290e+00   5.0739902e+00   5.6590237e+00   5.9748526e+00
   6.2489229e-01   1.1698582e+00   1.6409287e+00   3.1512645e+00   4.1638446e+00   4.8909114e+00   5.6787945e+00   5.7726191e+00
