   8.0926328e-01   1.1301173e+00   1.6836403e+00   3.1173907e+00   4.1197656e+00   4.5439365e+00   5.0892233e+00   5.5895995e+00
   7.6099769e-01   1.0948646e+00   1.5128313e+00   3.1497938e+00   3.9986872e+00   4.5023024e+00   5.3306818e+00   5.7330743e+00
   6.4609209e-01   1.2226446e+00   1.8572686e+00   3.1878114e+00   4.1587452e+00   4.4821849e+00   5.4734927e+00   5.9922219e+00
   8.7924349e-01   1.0561253e+00   1.5717672e+00   2.9449728e+00   4.0057228e+00   4.2764650e+00   5.3414321e+00   5.8248198e+00
   9.2170198e-01   1.1125955e+00   1.6889505e+00   2.8833284e+00   4.1753226e+00   4.1777254e+00   5.2349244e+00   5.6025470e+00
   8.9761805e-01   1.0829867e+00   1.6955377e+00   3.2314891e+00   4.0047321e+00   4.3727384e+00   5.2566873e+00   6.0533991e+00
   1.0028572e+00   1.1840902e+00   1.8253777e+00   3.1173021e+00   4.1903133e+00   4.5245397e+00   5.5890194e+00   6.1253639e+00
   7.5640493e-01   1.3400813e+00   1.8658085e+00   3.1968308e+00   3.9401922e+00   4.4905840e+00   5.4717598e+00   5.8646911e+00
   8.6405742e-01   1.2523292e+00   1.7191255e+00   3.1473408e+00   4.0893672e+00   4.5280198e+00   5.3816975e+00   5.7982471e+00
   0.0000000e+00   0.0000000e+00   1.6203107e+00   3.0612717e+00   3.9624591e+00   0.0000000e+00   0.0000000e+00   5.9412393e+00
