   1.4705882e+01   1.9780220e+01   2.5581395e+01   3.2941176e+01   5.7971014e+00   6.6666667e+00   9.8039216e+00   6.4516129e+00
   2.1428571e+01   1.7021277e+01   2.2680412e+01   2.5000000e+01   1.4705882e+01   1.1627907e+01   8.7912088e+00   1.0869565e+01
   1.9178082e+01   2.3529412e+01   2.6804124e+01   2.5641026e+01   2.5352113e+01   1.0101010e+01   8.6021505e+00   1.1111111e+01
   1.7391304e+01   1.6470588e+01   2.2222222e+01   2.7160494e+01   8.4745763e+00   1.1494253e+01   6.3829787e+00   6.2500000e+00
   2.2680412e+01   2.7659574e+01   2.9213483e+01   1.4457831e+01   7.6923077e+00   6.8181818e+00   8.0000000e+00   6.1855670e+00
   2.6506024e+01   2.9213483e+01   3.5955056e+01   3.7894737e+01   1.2500000e+01   2.6315789e+00   1.0526316e+01   8.0808081e+00
   2.2916667e+01   2.8282828e+01   3.6000000e+01   2.5352113e+01   1.1904762e+01   9.0909091e+00   4.3010753e+00   1.7582418e+01
   2.5806452e+01   3.2835821e+01   3.8095238e+01   3.2183908e+01   2.8169014e+01   2.1333333e+01   7.5000000e+00   1.1363636e+01
   1.3043478e+01   4.4705882e+01   4.0000000e+01   2.6190476e+01   1.4925373e+01   1.4432990e+01   1.0526316e+01   9.5238095e+00
   2.7368421e+01   2.1176471e+01   3.2432432e+01   4.0000000e+01   1.3888889e+01   1.2631579e+01   6.5934066e+00   1.1764706e+01
   2.0183486e+01   2.5263158e+01   2.2222222e+01   3.1111111e+01   1.0619469e+01   1.4285714e+01   4.1666667e+00   1.2500000e+01
