   2.0689655e+01   2.8865979e+01   1.6666667e+01   1.1363636e+01   3.7894737e+01   3.7037037e+01   3.4951456e+01   5.6000000e+01
   2.3376623e+01   2.2988506e+01   1.9753086e+01   1.5730337e+01   2.9268293e+01   2.8260870e+01   4.0404040e+01   4.0425532e+01
   2.6829268e+01   4.0963855e+01   1.0752688e+01   2.2222222e+01   3.4883721e+01   4.0425532e+01   4.0384615e+01   4.1666667e+01
   2.9885057e+01   1.8421053e+01   2.5000000e+01   2.2222222e+01   3.8095238e+01   4.3037975e+01   5.4545455e+01   4.1509434e+01
   1.8604651e+01   2.2784810e+01   2.4390244e+01   2.3809524e+01   4.3478261e+01   4.7727273e+01   3.8202247e+01   3.7894737e+01
   1.8421053e+01   2.1782178e+01   1.2903226e+01   1.6091954e+01   3.8834951e+01   4.5714286e+01   3.4693878e+01   3.8461538e+01
   2.4761905e+01   1.7283951e+01   1.8181818e+01   2.1176471e+01   6.4197531e+01   6.8421053e+01   4.0000000e+01   3.8297872e+01
   1.8666667e+01   1.3698630e+01   1.9417476e+01   2.6966292e+01   4.1025641e+01   4.0000000e+01   4.0776699e+01   4.5283019e+01
   2.4719101e+01   2.1428571e+01   1.8181818e+01   1.3953488e+01   4.0384615e+01   4.3902439e+01   5.5045872e+01   4.7422680e+01
   2.0253165e+01   2.4657534e+01   1.6216216e+01   2.3157895e+01   4.6666667e+01   4.4000000e+01   5.1546392e+01   4.2553191e+01
   3.6190476e+01   2.9906542e+01   2.3076923e+01   4.2105263e+00   4.2592593e+01   4.4660194e+01   3.9560440e+01   3.5294118e+01
