   8.1872180e-01   1.1418441e+00   1.4810361e+00   3.2536671e+00   4.0206598e+00   4.2413987e+00   5.2585653e+00   5.7314579e+00
   6.8442978e-01   1.0396661e+00   1.5410628e+00   3.0172119e+00   4.0101837e+00   4.6648188e+00   5.3429951e+00   5.8354054e+00
   8.8965255e-01   1.3513336e+00   1.6343923e+00   3.3813809e+00   4.1237982e+00   4.2740227e+00   5.5794038e+00   5.8078039e+00
   7.6564097e-01   9.3207984e-01   1.5715613e+00   3.4688160e+00   4.0662450e+00   4.3661998e+00   5.2940277e+00   5.8278919e+00
   7.8756906e-01   1.3445055e+00   1.5951827e+00   3.4132271e+00   3.8833928e+00   4.3562404e+00   5.5343002e+00   5.7262072e+00
   9.1256027e-01   1.1575560e+00   1.8502243e+00   3.2400146e+00   3.8650028e+00   4.5031999e+00   5.3792838e+00   5.9342190e+00
   9.1027576e-01   1.2276980e+00   1.7370799e+00   3.5317184e+00   3.9674630e+00   4.3535946e+00   5.3078239e+00   5.8245839e+00
   7.4255174e-01   1.0558530e+00   1.6487678e+00   3.4461828e+00   3.9766012e+00   4.0983117e+00   5.4336836e+00   5.7758510e+00
   1.0061902e+00   1.1766837e+00   1.6755185e+00   3.3833674e+00   3.8948513e+00   4.6116879e+00   5.5173216e+00   5.7249729e+00
   8.7637841e-01   9.8651165e-01   1.4649421e+00   3.3782387e+00   4.1848463e+00   4.2902142e+00   5.4630951e+00   6.2134845e+00
   9.1226518e-01   1.3289766e+00   1.7003535e+00   3.4113271e+00   3.9516703e+00   4.6052160e+00   5.5003326e+00   6.0127238e+00
