   1.7241379e+01   5.7971014e+00   5.3333333e+00   2.0253165e+01   2.4615385e+01   2.3655914e+01   2.3880597e+01   2.3300971e+01
   1.7721519e+01   1.5384615e+01   1.3888889e+01   1.5584416e+01   2.3529412e+01   3.3684211e+01   2.3255814e+01   2.5899281e+01
   2.2950820e+01   1.0958904e+01   1.3592233e+01   1.8604651e+01   2.6829268e+01   2.2500000e+01   2.9545455e+01   2.0618557e+01
   2.9411765e+01   6.0606061e+00   8.4507042e+00   2.0454545e+01   3.3333333e+01   2.7083333e+01   2.4347826e+01   2.0754717e+01
   2.9032258e+01   1.0000000e+01   6.0606061e+00   1.7777778e+01   2.8169014e+01   3.0000000e+01   2.2471910e+01   2.8260870e+01
   2.2950820e+01   9.5238095e+00   5.7692308e+00   1.8181818e+01   2.5490196e+01   2.8888889e+01   2.7722772e+01   2.9357798e+01
   1.7647059e+01   6.4516129e+00   6.9767442e+00   6.1224490e+00   3.1250000e+01   3.6144578e+01   2.4242424e+01   2.4299065e+01
   1.6071429e+01   2.1428571e+01   8.9552239e+00   1.9277108e+01   2.5531915e+01   1.9801980e+01   2.0408163e+01   1.8518519e+01
   1.4876033e+01   8.9887640e+00   1.5533981e+01   2.4719101e+01   3.2911392e+01   3.2558140e+01   2.3913043e+01   2.1276596e+01
   1.4492754e+01   1.1594203e+01   1.0810811e+01   1.3483146e+01   2.7368421e+01   2.8571429e+01   2.3300971e+01   1.6666667e+01
   1.0256410e+01   1.2987013e+01   6.9767442e+00   1.8181818e+01   2.5882353e+01   3.0000000e+01   1.6091954e+01   2.5000000e+01
