   4.6913580e+01   2.7272727e+01   4.2352941e+01   5.1948052e+00   2.6373626e+01   6.4516129e+00   5.8823529e+00   1.0000000e-12
   3.9534884e+01   2.0253165e+01   4.6808511e+01   1.3698630e+01   2.1428571e+01   1.0000000e-12   1.0000000e-12   2.0833333e+00
   3.1325301e+01   3.2558140e+01   2.3300971e+01   1.6666667e+01   1.0752688e+01   8.3333333e+00   1.5555556e+01   1.0000000e-12
   4.2553191e+01   2.3255814e+01   3.0232558e+01   1.3483146e+01   1.7777778e+01   1.0000000e-12   1.0000000e-12   1.0000000e-12
   1.5189873e+01   2.7500000e+01   2.3684211e+01   1.7977528e+01   2.6315789e+00   1.0000000e-12   2.4390244e+00   8.9887640e+00
   3.1168831e+01   5.2631579e+01   3.9534884e+01   2.6666667e+01   2.8985507e+01   3.7333333e+01   2.0618557e+00   4.5454545e+00
   4.9056604e+01   4.0000000e+01   3.8383838e+01   1.3043478e+01   1.5384615e+01   2.7027027e+00   1.0000000e-12   4.8780488e+00
   3.3333333e+01   5.6097561e+01   4.9541284e+01   2.2857143e+01   2.1052632e+01   1.9753086e+01   4.1666667e+00   6.6666667e+00
   4.0506329e+01   3.7623762e+01   3.8202247e+01   5.1219512e+01   2.0895522e+01   1.4084507e+01   8.9887640e+00   4.2105263e+00
   3.4146341e+01   4.8275862e+01   1.2500000e+01   2.7500000e+01   1.4285714e+01   4.8192771e+00   8.9887640e+00   1.8604651e+01
   2.5531915e+01   4.3902439e+01   5.0000000e+01   3.4666667e+01   1.5053763e+01   8.4507042e+00   1.0752688e+01   1.0101010e+01
