   6.7305719e-01   9.8969022e-01   1.8627890e+00   3.3845359e+00   4.2736249e+00   4.7598351e+00   5.6414315e+00   5.6657896e+00
   8.7127349e-01   1.2830840e+00   1.7085285e+00   3.3372211e+00   4.2233214e+00   4.6046225e+00   5.5809137e+00   5.7196776e+00
   5.8778678e-01   9.8239523e-01   1.6685875e+00   3.1877014e+00   4.3206470e+00   4.5350519e+00   5.5605317e+00   5.6140321e+00
   8.5019483e-01   1.0587392e+00   1.5945957e+00   3.2745278e+00   4.1795177e+00   4.5601747e+00   5.4466244e+00   5.6783050e+00
   7.3777091e-01   1.1000327e+00   1.7812686e+00   3.3624081e+00   4.2095052e+00   4.4503412e+00   5.2368312e+00   5.7696898e+00
   8.6262045e-01   1.0835988e+00   1.7689404e+00   3.3127323e+00   4.0561683e+00   4.6039507e+00   5.3987462e+00   5.5602487e+00
   8.9092982e-01   1.0573691e+00   1.4870243e+00   3.2584446e+00   4.1939267e+00   4.6221576e+00   5.4069481e+00   5.7942728e+00
   7.8595502e-01   1.0505072e+00   1.6621462e+00   3.2338687e+00   3.9568214e+00   4.2438826e+00   5.3597496e+00   5.7883294e+00
   8.6181379e-01   8.8245324e-01   1.4228468e+00   3.2949232e+00   4.0481270e+00   4.4374989e+00   5.4860746e+00   5.8449418e+00
   9.1658718e-01   1.1097312e+00   1.8013337e+00   3.2191614e+00   3.9545162e+00   4.6310153e+00   5.3799001e+00   5.8113228e+00
   8.9969298e-01   1.0647793e+00   1.5473061e+00   3.2946470e+00   4.1653624e+00   4.3436188e+00   5.3053221e+00   5.8229053e+00
