   1.2987013e+01   2.2784810e+01   2.5531915e+01   2.7848101e+01   8.1081081e+00   5.2631579e+00   1.0000000e-12   1.0000000e-12
   2.5316456e+01   2.5714286e+01   3.5294118e+01   3.1707317e+01   5.3333333e+00   7.8947368e+00   2.2988506e+00   7.3394495e+00
   1.6666667e+01   2.4096386e+01   3.2098765e+01   4.1860465e+01   7.5949367e+00   2.5316456e+00   7.2289157e+00   1.9801980e+00
   1.6438356e+01   1.6666667e+01   2.8571429e+01   2.9885057e+01   1.6000000e+01   2.2988506e+00   1.0000000e-12   2.2471910e+00
   1.5730337e+01   3.0303030e+01   2.5490196e+01   3.6363636e+01   8.0000000e+00   2.6315789e+00   2.1505376e+00   1.0000000e-12
   1.0000000e+01   2.9729730e+01   2.8888889e+01   2.6086957e+01   5.6338028e+00   5.7142857e+00   3.6036036e+00   3.6363636e+00
   1.2658228e+01   1.8918919e+01   1.9753086e+01   3.6363636e+01   7.6923077e+00   5.8823529e+00   8.3333333e+00   2.1505376e+00
   5.4054054e+00   1.5789474e+01   2.8235294e+01   3.2941176e+01   8.2191781e+00   7.5000000e+00   2.0202020e+00   2.2471910e+00
   7.5000000e+00   1.5625000e+01   3.2183908e+01   2.7659574e+01   7.7922078e+00   4.3010753e+00   1.8518519e+00   1.8181818e+00
   1.4285714e+01   2.0454545e+01   3.6190476e+01   3.5164835e+01   4.4444444e+00   7.8947368e+00   5.2631579e+00   1.0000000e-12
   2.1153846e+01   2.8205128e+01   2.8000000e+01   3.7500000e+01   6.6666667e+00   3.0769231e+00   3.9603960e+00   6.1224490e+00
