   8.8235294e+00   9.5238095e+00   8.2191781e+00   4.8192771e+00   3.5789474e+01   3.0379747e+01   2.2222222e+01   1.5730337e+01
   5.9701493e+00   7.4074074e+00   8.5714286e+00   1.0309278e+01   2.5806452e+01   3.9175258e+01   2.0202020e+01   2.2471910e+01
   1.3793103e+01   7.5000000e+00   8.4507042e+00   8.9887640e+00   2.6086957e+01   2.7848101e+01   2.1978022e+01   1.0752688e+01
   1.0714286e+01   1.8390805e+01   1.3698630e+01   1.2903226e+01   3.7037037e+01   3.3333333e+01   2.6086957e+01   1.5841584e+01
   8.5714286e+00   1.0666667e+01   1.3333333e+01   1.3043478e+01   2.6506024e+01   3.8554217e+01   2.5882353e+01   2.1276596e+01
   2.5000000e+01   1.6091954e+01   1.2121212e+01   1.3953488e+01   2.0408163e+01   2.9126214e+01   2.1176471e+01   2.2000000e+01
   2.4615385e+01   1.3114754e+01   1.0000000e+01   9.1954023e+00   2.2222222e+01   2.0000000e+01   1.4634146e+01   2.1052632e+01
   6.6666667e+00   1.7647059e+01   6.0606061e+00   1.0126582e+01   2.3076923e+01   1.3333333e+01   1.0752688e+01   1.3953488e+01
   1.4492754e+01   1.8181818e+01   1.1267606e+01   1.5730337e+01   2.0779221e+01   1.3953488e+01   2.7368421e+01   8.7912088e+00
   2.3333333e+01   1.3513514e+01   5.5555556e+00   4.4943820e+00   2.0512821e+01   1.6216216e+01   1.4814815e+01   1.2765957e+01
   1.6129032e+01   1.2500000e+01   5.4794521e+00   2.5316456e+00   2.3376623e+01   2.1052632e+01   2.1176471e+01   2.3157895e+01
