   2.5641026e+00   8.6021505e+00   6.8965517e+00   1.3698630e+01   1.0000000e-12   1.9417476e+00   2.3255814e+00   1.0000000e-12
   2.5000000e+00   7.2727273e+00   4.8192771e+00   1.3513514e+01   1.0000000e-12   1.0000000e-12   1.0000000e-12   1.0000000e-12
   5.7142857e+00   1.2987013e+01   9.3023256e+00   7.1428571e+00   1.6129032e+00   1.9801980e+00   1.0000000e-12   1.0000000e-12
   2.1052632e+00   1.1764706e+01   7.0588235e+00   6.9767442e+00   2.5974026e+00   1.0000000e-12   4.7058824e+00   1.0000000e-12
   1.3483146e+01   1.0526316e+01   8.4210526e+00   7.1428571e+00   1.0000000e-12   1.0000000e-12   4.7619048e+00   1.0000000e-12
   1.0000000e-12   2.7027027e+00   7.4074074e+00   1.3636364e+01   1.0000000e-12   1.0000000e-12   1.0000000e-12   1.0000000e-12
   1.0000000e-12   2.5974026e+00   7.4074074e+00   1.2612613e+01   1.0000000e-12   1.0000000e-12   1.0000000e-12   1.0000000e-12
   1.0000000e-12   5.3333333e+00   4.8780488e+00   7.5000000e+00   1.0000000e-12   1.0000000e-12   2.1978022e+00   1.0000000e-12
   2.3809524e+00   1.0526316e+01   6.7415730e+00   1.0126582e+01   1.0000000e-12   1.0000000e-12   2.0408163e+00   3.6363636e+00
   2.6666667e+00   5.5555556e+00   5.3333333e+00   9.6385542e+00   1.0000000e-12   2.9850746e+00   2.3809524e+00   1.0000000e-12
   2.2471910e+00   8.0000000e+00   1.1764706e+01   2.4691358e+00   1.0000000e-12   7.1428571e+00   1.0000000e-12   1.0000000e-12
